5
5
8
10
10
10
10
10
10
10
11
12
12
15
15
15
15
15
15
17
20
20
20
20
20
20
20
20
20
25
25
25
25
30
30
30
30
30
30
30
35
35
35
36
38
40
40
40
40
40
40
40
45
47
50
50
50
50
50
50
50
50
50
50
50
50
50
55
55
60
60
60
60
60
60
60
60
60
60
60
60
60
60
60
60
65
70
70
70
70
75
76
78
80
80
80
80
80
80
80
80
80
80
80
90
90
90
90
90
90
90
90
90
95
97
100
100
100
100
100
100
100
100
100
100
100
100
100
100
100
100
100
100
100
100
100
100
100
100
100
100
100
100
100
100
100
100
102
108
110
110
110
111
115
120
120
120
120
120
120
120
120
120
120
125
125
130
130
130
130
132
135
135
140
140
140
140
150
150
150
150
150
150
150
150
150
150
150
150
150
150
155
160
160
160
160
160
160
165
168
170
179
180
180
180
180
180
180
180
184
190
190
190
197
200
200
200
200
200
200
200
200
200
200
200
200
200
200
200
200
200
200
200
200
200
200
200
200
200
200
200
210
210
210
220
220
220
220
225
230
230
240
240
250
250
250
250
250
250
250
250
250
250
250
250
250
250
250
250
250
250
250
250
250
250
250
250
260
260
280
280
280
280
280
285
290
300
300
300
300
300
300
300
300
300
300
300
300
300
300
300
300
300
300
300
300
300
300
300
300
300
300
300
300
300
300
300
300
300
300
300
300
300
305
310
320
320
321
325
330
330
350
350
350
350
350
350
350
350
350
350
350
350
350
350
350
350
350
350
350
360
360
370
370
377
380
390
400
400
400
400
400
400
400
400
400
400
400
400
400
400
400
400
400
400
400
400
400
400
410
414
420
423
430
430
437
450
450
450
450
450
450
450
450
450
450
450
450
450
450
450
450
450
450
450
450
450
460
460
479
480
480
500
500
500
500
500
500
500
500
500
500
500
500
500
500
500
500
500
500
500
500
500
500
500
500
500
500
500
500
500
500
520
537
550
550
550
550
550
570
580
580
590
600
600
600
600
600
600
600
600
600
600
600
600
600
600
600
600
600
600
600
600
600
600
600
600
600
600
600
602
610
620
620
620
630
630
650
650
650
650
650
650
650
670
675
675
680
680
700
700
700
700
700
700
700
700
700
705
725
750
750
750
750
760
770
780
780
780
800
800
800
800
800
800
800
800
800
800
800
800
800
800
800
800
800
816
850
850
850
850
850
866
900
900
900
900
900
900
900
900
900
900
905
920
950
950
1000
1000
1000
1000
1000
1000
1000
1000
1000
1000
1000
1000
1000
1000
1000
1050
1050
1050
1100
1100
1100
1100
1105
1120
1150
1200
1200
1200
1200
1200
1200
1200
1200
1200
1200
1200
1200
1200
1250
1250
1250
1250
1250
1250
1260
1260
1300
1300
1300
1300
1300
1300
1300
1300
1300
1317
1336
1350
1350
1360
1400
1400
1400
1400
1400
1400
1400
1400
1400
1400
1410
1415
1450
1450
1480
1500
1500
1500
1500
1500
1500
1500
1500
1500
1500
1500
1500
1500
1500
1500
1500
1500
1500
1500
1520
1600
1600
1600
1600
1620
1650
1700
1700
1700
1700
1750
1750
1800
1800
1800
1800
1800
1800
1800
1800
1800
1800
1800
1800
1800
1825
1830
1850
1850
1850
1850
1850
1900
1900
1900
1950
2000
2000
2000
2000
2000
2000
2000
2000
2000
2000
2000
2000
2000
2000
2000
2000
2080
2100
2100
2100
2130
2150
2200
2200
2200
2200
2240
2300
2300
2300
2350
2380
2400
2500
2500
2500
2500
2500
2500
2500
2500
2500
2560
2600
2700
2700
2800
2800
2800
2800
2800
2800
2850
3000
3000
3000
3000
3000
3000
3000
3000
3000
3000
3000
3000
3200
3200
3200
3200
3250
3300
3300
3320
3500
3500
3500
3500
3500
3500
3500
3500
3700
3700
3750
3800
3800
3850
3900
4000
4000
4000
4000
4000
4000
4000
4100
4200
4315
4330
4400
4400
4500
4500
4500
4500
4500
4600
4620
4650
4675
4972
5000
5000
5000
5000
5000
5200
5300
5500
5800
6000
6100
6200
6220
6311
6500
6500
6500
6670
6700
7050
7150
7210
7270
7500
7800
8180
9000
9000
9045
11600
12200
12900
13080
13500
14200
14500
15000
15000
16500
19000
21000
22000
25300
32000
47800