6.1
8.5
10.6
7.6
10.1
8.8
7.8
8.7
10.8
8.9
9.9
9
10.4
10.2
7.5
8.4
12.3
8.1
12.1
8.9
9.1
10.7
11.3
11.7
9.2
11.1
12.1
8
9.5
10.9
11.9
12.2
8.9
10.9
7.7
9.6
9.1
10
11.7
13.3
13.4
13.7
9.5
11.7
13.2
10.7
11.6
12.7
9.9
13.7
9.4
9.7
9.4
13
9.9
11.4
11.8
12.4
13.5
13.6
10.2
11
11.8
9.7
11
9.2
10.4
10.4
8.5
9.7
11.9
10.3
11.8
13.1
14.5
14.7
9.8
11.9
12.2
12.9
8.8
10.5
11.3
12.4
7.8
9.5
11.4
11.8
12.2
13
8.7
10.9
12.4
10.9
11
12.2
14.1
7.9
8.4
12.3
11.1
12
12.2
11.4
13.1
11.4
11.5
10.2
13.6
13.8
9.9
12.1
12.6
10.9
11
11
12.9
11.5
13.4
14.1
15.1
15.4
9.5
10.5
13.6
13.9
10.8
10.9
11.5
12.2
10.5
9.2
12.5
13.2
13.2
13.3
11.4
11.7
12.8
11.2
11.8
12.7
14.4
9.3
10.5
8.9
10
10.4
10.7
10.8
11.9
13.3
13.5
12.1
12.6
13
11.2
11.6
13.3
8.6
12.6
14.3
10.7
11
11.6
12.4
13.8
12.3
13.2
11.8
12.4
13.2
8.9
11.5
13.8
14.2
10
10.7
12.1
10.2
12.3
11.8
13.1
13.6
10.8
12.3
12.3
12.4
10.5
11.8
12.1
12.9
13.4
12.8
12.9
13
13.1
14.1
14.6
9.9
11.1
12
12.6
13
10.2
10.7
10.8
12.6
13.2
9.9
10.3
10.8
11
11.5
12.5
12.9
6.3
9.9
11
13.2
11.9
12.1
16.3
10.9
11
12.3
12.6
13.2
13.5
13.7
10.8
11.4
11.4
11.6
12.3
13
14.2
7.5
12.1
13.2
15.6
10.9
11.9
13.1
13.2
13.5
14.3
14.7
9.4
10.5
10.9
11.1
13.3
13.8
14.4
14.5
9.7
10.4
11.9
12.5
12.5
12.7
13.6
11.2
11.2
12.2
14.1
14.3
14.4
15.2
14.2
8.8
9.7
10.2
10.6
11.3
12.6
15.4
8.5
10.6
10.6
13
13
14.2
12.9
13.1
14.8
10.9
11.9
11.9
12
12.3
12.5
13.3
13.8
14.6
9.3
9.8
12.2
12.7
13.1
13.3
14.2
10.7
11.1
12.1
12.1
12.2
13.4
14.3
10.5
10.5
11.2
12.3
12.9
11.4
11.8
12.4
12.4
12.5
12.9
13.3
13.3
11.3
11.7
13.2
13.8
10.9
12.5
13.2
13.6
13.9
9.6
12.3
12.7
13.4
10.4
10.9
12.4
12.6
12.9
13.1
13.2
13.5
11.3
11.3
12.4
12.5
12.8
13.3
13.3
9.6
10.6
11.1
11.4
11.6
13
13.5
14.2
12.1
12.5
13.2
13.8
10.7
12.5
10.4
10.9
11.7
11.9
12.7
12.9
12.7
10.1
12
12.3
12.5
13.6
14.7
11.7
12.6
13.6
11.1
11.7
11.8
13.9
13.9
14
10
10.7
10.9
13.8
9.6
11
11.3
12.1
12.6
14.1
14.5
11.5
10.6
12
12.7
14.6
14.7
14.8
14.9
9.4
9.7
11.2
11.4
11.5
11.7
12.4
14
14.7
11.3
12.1
13
14.5
15.7
11.7
12.4
12.5
14.1
11.6
11.7
12.5
12.6
13.5
13.8
15.3
9.8
12
12.2
13
12.2
12.5
14
14.1
8.3
11.7
12
12.8
11.1
12.1
12.4
13
13.9
14.9
15.1
12.9
13.7
10.8
11
11.1
11.8
13.1
13.3
13.7
11.7
11.8
13
13.1
14.5
8.6
10.5
12
12.8
13.7
13.7
14.1
15
15.2
11.6
12.6
12.7
10.8
11.7
11.8
13.5
10.8
12.4
12.6
13.8
12.8
16.9
11.7
12.7
12.8
13.1
13.3
13.8
12.2
12.5
12.6
13.5
14.4
12.4
12.8
14
10.4
12.2
14.7
12
12.3
12.9
14.5
15.1
15.7
11.5
11.7
11.8
12.8
13
13.3
13.7
13.9
11.5
12.1
14.6
11.8
15.6
11.8
12.8
13.2
14.5
11.2
13.8
10.9
10.9
11.4
11.5
11.7
12.1
13.7
13.7
12.1
11.5
12.7
12.8
14.2
11.5
12
12.6
13.2
10.7
11.4
12.2
11.7
13.4
16.6
11.1
14.9
11.3
12.5
13.3
13.8
11.4
15.3
11.8
9.5
11.3
11.3
11.8
13.2
10.8
12.5
14.2
14.5
10.9
11.3
12.3
13.1
15.2
13.5
12.1
12.4
13.6
11.5
12.8
13.3
14.6
15.2
11.8
12.7
10
13.9
14.3
12
12.2
12.3
13.1
15.1
11.7
12.4
12.4
14.3
12.5
12.8
13.2
14.4
13.3
11.4
11.9
11.9
13.3
16.1
12.1
12.2
13
14.5
16.5
11.8
12.5
13.2
14
16.2
13.3
13.3
13.4
12.8
14.7
7.5
13.5
14.3
12
13
11
11.9
14.8
11.8
13.2
12.8
8.2
12.5
12.6
14.6
12.6
12.8
9.3
9.5
10.1
13.1
15
10.7
12.4
13.6
14.6
14.4
10.9
13.3
14.1
11.6
13.3
13.3
13.6
13
12.8
13.4
13.9
12.8
12.8
14.3
11.9
13.9
13.8
13.3
11
12.7
13.1
13.5
13.6
13.4
13.6
13.8
13
13.9
13.3
12.5
11.2
12.6
13.7
14.1
12.1
12.4
12.9
14
9.8
13.1
15.4
12.7
14.7
14.6
13.3
14.6
13.2
14.2
13.2
12
13
12.9
13.4
11.9
12.5
13.3
11.8
14.1
8.2
13.4
13
12.6
13.7
12.3
12.4
11.7
13.7
12
14.5
11.8
11.4
13.3
14.7
12.7
12
