4.23E-06
3.89E-05
5.24E-05
0.000151674
0.00027036
0.000330567
0.000394371
0.000466199
0.000479131
0.000573221
0.000628926
0.000699504
0.000835192
0.001093763
0.00111573
0.001222011
0.001237332
0.001250171
0.001399365
0.00142559
0.001449785
0.001458336
0.001595022
0.001630081
0.001637462
0.001660741
0.001674505
0.001861594
0.002140925
0.002166195
0.002189486
0.002289155
0.002429254
0.002744864
0.002847277
0.002885006
0.002982045
0.003136921
0.003140654
0.003145293
0.00343177
0.003470691
0.00348542
0.003563483
0.003567681
0.003854635
0.004051299
0.004104752
0.004116916
0.004418164
0.004558447
0.004588396
0.004715758
0.004784919
0.004841714
0.005017651
0.005017788
0.005178806
0.005353721
0.005643012
0.006319546
0.006911644
0.007008434
0.007012304
0.007046225
0.007189183
0.007268522
0.007369631
0.0073736
0.007587733
0.007599115
0.007799424
0.00791395
0.007988433
0.008244575
0.008509464
0.008674192
0.008837208
0.008905105
0.009309903
0.009759318
0.009839231
0.009917862
0.010068475
0.010178985
0.010781564
0.011032257
0.011277534
0.011352045
0.011428643
0.011441219
0.011533006
0.011766023
0.011954195
0.012209065
0.012594575
0.012708718
0.012810325
0.013124734
0.013470329
0.013663567
0.013814178
0.014002073
0.014587247
0.014649825
0.014670807
0.014679534
0.014690239
0.015167338
0.015629734
0.015644962
0.016735176
0.017273845
0.017383631
0.017950398
0.017955339
0.018099241
0.018234856
0.01869955
0.018885346
0.019047939
0.01907552
0.019381302
0.019396386
0.019397097
0.019685912
0.019992228
0.021463942
0.021566856
0.021765832
0.022139235
0.022244095
0.022246687
0.022397382
0.022579332
0.022811621
0.023074962
0.023357232
0.023377203
0.023892917
0.024603592
0.025218805
0.025872039
0.026133165
0.026231887
0.026431439
0.026739236
0.026880413
0.027189922
0.027245675
0.027434123
0.027495483
0.028517248
0.029177468
0.029266748
0.029579646
0.029844834
0.030960231
0.031359344
0.031832725
0.03260968
0.032996943
0.033539909
0.033590487
0.033976992
0.033994372
0.034831273
0.036456055
0.036813771
0.036952456
0.036960265
0.037411996
0.037706533
0.037738863
0.03787191
0.038202938
0.038211246
0.039149298
0.039252382
0.042137249
0.043443192
0.043636456
0.043828196
0.043919903
0.044508368
0.04451756
0.04520686
0.04675388
0.047060899
0.047275009
0.048202372
0.048378931
0.048837154
0.048986968
0.049287385
0.049889013
0.050357722
0.050547524
0.051241952
0.054371796
0.055458481
0.055654207
0.055764693
0.056241593
0.058148456
0.058301849
0.058533641
0.05878711
0.058910722
0.058934801
0.059593353
0.059747587
0.060706888
0.060842565
0.061747538
0.062238147
0.063100112
0.063197157
0.064035194
0.064129765
0.064569343
0.064716289
0.06669607
0.067126782
0.067211599
0.0672614
0.067646418
0.068910411
0.069047358
0.069595367
0.069813378
0.06994213
0.070312707
0.070784565
0.072343147
0.072350948
0.07240256
0.074264596
0.075429703
0.07630483
0.076660075
0.076815038
0.079160597
0.079761203
0.080371759
0.081966653
0.082519076
0.082914733
0.085528285
0.085878278
0.086057194
0.086852432
0.08687231
0.087191732
0.088688015
0.089958301
0.091109994
0.09141456
0.09155202
0.091992188
0.092019967
0.092021709
0.092146616
0.093817233
0.093901345
0.09458117
0.095791112
0.096528232
0.096676334
0.097908457
0.09914337
0.099674235
0.100912335
0.100991836
0.101312588
0.102099377
0.103189019
0.104039075
0.104572525
0.105880001
0.105976719
0.107367842
0.107744731
0.108065809
0.108359345
0.108734081
0.109101799
0.109358901
0.110452333
0.110716274
0.111196192
0.112092149
0.112501548
0.113976957
0.114460478
0.114985467
0.115566008
0.115927469
0.116609408
0.118014334
0.118179565
0.118971526
0.120589516
0.122555745
0.122769992
0.122794727
0.12324439
0.127333966
0.12824327
0.131177223
0.131235226
0.133003085
0.133497252
0.133711786
0.134520656
0.134568886
0.134702675
0.136804972
0.137384259
0.139467757
0.140777568
0.141187932
0.141470894
0.142800199
0.143412915
0.143823627
0.144771605
0.147459417
0.14809802
0.148188944
0.149712738
0.149935726
0.151636744
0.151784077
0.15210398
0.153554241
0.15383185
0.155319498
0.16043818
0.161645081
0.162591278
0.16333176
0.165093365
0.167028195
0.168823554
0.169329861
0.169752565
0.171175895
0.172502686
0.17388616
0.176153886
0.176289308
0.176400926
0.177027745
0.177991223
0.179063367
0.180309249
0.184243532
0.185435097
0.186521842
0.187729596
0.187801231
0.188907225
0.1913548
0.192907665
0.195349198
0.196036477
0.198437701
0.199679695
0.200207578
0.20211929
0.203445262
0.204833717
0.205944452
0.207315431
0.207629968
0.207934263
0.21166868
0.212551666
0.212843895
0.214445624
0.215348511
0.216575409
0.216727669
0.216807348
0.220187521
0.221282215
0.221340665
0.223008891
0.223030835
0.224231975
0.228222873
0.230920641
0.234911773
0.235544882
0.237284925
0.238202335
0.23893805
0.240111778
0.24095419
0.243135741
0.243332089
0.244592031
0.247389713
0.24827203
0.248637064
0.249806194
0.250296468
0.25347843
0.254223603
0.254782418
0.256752683
0.256977475
0.259384116
0.260745521
0.266556091
0.268336426
0.268583321
0.270983073
0.271024502
0.271863012
0.273613949
0.275890747
0.275958866
0.276187341
0.276645536
0.282128085
0.287531865
0.290812461
0.292454478
0.292959038
0.301979086
0.302177369
0.302930924
0.303574777
0.308990691
0.312989445
0.318429505
0.324634413
0.326678421
0.328128355
0.329001225
0.331359121
0.333819702
0.333933018
0.33494652
0.334956379
0.336127915
0.337289829
0.337327128
0.339813548
0.341186583
0.341550935
0.343462334
0.347205231
0.347584378
0.349356136
0.352612448
0.357101358
0.360496331
0.362600887
0.363079552
0.364236037
0.368019956
0.369032605
0.369286753
0.371961509
0.372316014
0.372918486
0.373840622
0.374122833
0.378000336
0.379760745
0.38001777
0.380962135
0.381841894
0.382014553
0.382358129
0.389694422
0.390591316
0.390843663
0.408441968
0.409015038
0.412992904
0.413665341
0.415179212
0.417528591
0.41946932
0.419996386
0.421612247
0.422015973
0.426540857
0.427456121
0.427665652
0.431052267
0.431568207
0.437613216
0.437710237
0.438972493
0.440074034
0.441782283
0.441985095
0.443432121
0.44418184
0.448694366
0.450098334
0.451456693
0.453592816
0.454006609
0.45658711
0.457652563
0.45790786
0.45838245
0.460043566
0.460279802
0.46158852
0.461666689
0.465919224
0.468418547
0.469362183
0.47172647
0.47400056
0.474566073
0.476094685
0.476626721
0.487603483
0.493151684
0.500440747
0.507361178
0.507622401
0.507693816
0.509912476
0.513863077
0.514316244
0.514336578
0.516674814
0.517632132
0.523616949
0.52763199
0.530105765
0.53125716
0.533334133
0.534540228
0.537798372
0.542336061
0.543277742
0.545250709
0.545751806
0.549463059
0.549655327
0.550979551
0.551929638
0.553210126
0.55841912
0.567041972
0.569018152
0.57226155
0.572916266
0.573525435
0.577770502
0.578505644
0.58398966
0.584713213
0.585432579
0.585960364
0.588739579
0.591494224
0.592765548
0.59560264
0.597659707
0.600323471
0.600789438
0.601672942
0.603215328
0.606578349
0.606592695
0.611723339
0.616858568
0.619119356
0.619819401
0.628353757
0.62900365
0.639860069
0.640919202
0.641483079
0.641708654
0.642764715
0.644251376
0.644820811
0.647651188
0.647905645
0.653572136
0.656224281
0.657076041
0.65818546
0.661394053
0.670747428
0.673710274
0.675556555
0.677603588
0.686731752
0.687674936
0.690492662
0.695292261
0.696366007
0.699250004
0.701655898
0.702204471
0.707603519
0.708976261
0.711837215
0.713870819
0.714775265
0.716783577
0.723407531
0.727768636
0.729073533
0.735888502
0.737403531
0.738500235
0.746973409
0.747847308
0.748272094
0.751808347
0.752170643
0.752231744
0.763956944
0.773462326
0.78399775
0.78516409
0.792529418
0.796067122
0.797684322
0.799470054
0.799543414
0.803008808
0.803691899
0.805552259
0.811308092
0.811350612
0.818741052
0.820537697
0.826237879
0.826467402
0.827825048
0.829010142
0.838010808
0.839652969
0.840177183
0.841268859
0.842515404
0.844104732
0.85030101
0.851246328
0.852311004
0.852460762
0.860896021
0.865955386
0.868750663
0.868788798
0.868956407
0.871790838
0.87509262
0.877204771
0.879297709
0.884651265
0.892769329
0.89381289
0.894675869
0.908248528
0.911290927
0.924218127
0.927173768
0.930586406
0.932415511
0.935310185
0.935997959
0.949730049
0.955887267
0.967458343
0.968879806
0.970632387
0.974591571
0.976855325
0.97894529
0.98080527
0.990988934
0.993398842
0.997718138
0.998665078
0.99889608
1.002720748
1.006787751
1.007366938
1.01329615
1.017453377
1.019788887
1.023892823
1.026768346
1.028608102
1.029255596
1.038567589
1.063087118
1.072824309
1.074222921
1.077565801
1.083307912
1.08564857
1.091769079
1.098254918
1.100164049
1.119646664
1.122032481
1.129955846
1.158826243
1.166355709
1.167947155
1.173879923
1.177027109
1.181419405
1.181975001
1.186200397
1.202345043
1.203319745
1.210251398
1.214904439
1.218074416
1.22186268
1.222413702
1.227970959
1.238662914
1.239525533
1.242260471
1.242266344
1.242552963
1.254559624
1.255386921
1.268739386
1.270322268
1.280364132
1.284031825
1.292216711
1.297750921
1.305812223
1.307293819
1.314144219
1.314469046
1.317610831
1.336234375
1.337209214
1.350882734
1.351143809
1.353951219
1.364132713
1.368274023
1.368820632
1.369672592
1.378996837
1.389152613
1.392938128
1.393526096
1.395975993
1.403867186
1.405694305
1.417943982
1.433812717
1.43681429
1.440085727
1.444771155
1.448033771
1.45049421
1.452739322
1.467196001
1.482410906
1.482543045
1.491409251
1.494737335
1.503223077
1.515854469
1.546561117
1.551720717
1.553640642
1.561335196
1.566528442
1.570694058
1.582077153
1.591498927
1.604042938
1.60759664
1.609087095
1.615561529
1.617365944
1.6226411
1.624557377
1.631700377
1.637650771
1.639576366
1.656475268
1.662677884
1.670993251
1.672311318
1.682115048
1.694985677
1.696528383
1.699984931
1.70378068
1.714310856
1.747582246
1.75176124
1.752320205
1.752367632
1.760176582
1.762526773
1.767228604
1.767375192
1.773829566
1.78950756
1.80108178
1.807830566
1.814745857
1.822095937
1.830007888
1.840885738
1.88305781
1.883413671
1.884677825
1.897760795
1.899117153
1.900132496
1.904535784
1.907933194
1.911737768
1.912167604
1.914779724
1.927942652
1.943638598
1.948334103
1.955468977
1.966248441
1.969676091
1.979096571
1.985192646
1.995198296
1.996319117
2.005515074
2.011158336
2.017810426
2.025099396
2.025893727
2.056117331
2.065240841
2.066712657
2.06791354
2.077791531
2.084838745
2.088800767
2.094989541
2.109829168
2.122384438
2.12365422
2.124959813
2.145110943
2.152568636
2.158526211
2.168529891
2.172123926
2.173229713
2.178862225
2.191318441
2.193310157
2.198116069
2.209491991
2.214635613
2.230370117
2.243552596
2.244170669
2.250147029
2.264853725
2.278594064
2.281504094
2.283413361
2.299121736
2.308917436
2.338214181
2.346023204
2.396256444
2.409167065
2.414871877
2.419595639
2.427772792
2.442870168
2.446598969
2.45887691
2.485170079
2.485781654
2.489470227
2.501899236
2.503715667
2.570232498
2.581299822
2.5901711
2.624076894
2.657650592
2.66844226
2.669530472
2.690951992
2.704180718
2.704640805
2.728884395
2.756233657
2.761845132
2.776840871
2.805699406
2.824909515
2.827447156
2.846187436
2.858490609
2.861094134
2.901719855
2.926116781
2.931015166
2.933153181
2.936222917
2.937349418
2.944676701
2.952218448
2.95409097
2.96885682
2.972602845
3.030017656
3.040187611
3.057850098
3.058403519
3.071108729
3.10982433
3.126544181
3.144386207
3.14930483
3.173510431
3.188340693
3.220364793
3.223225026
3.223908966
3.278946919
3.283100318
3.37093316
3.377237557
3.408013422
3.44472756
3.475891792
3.476080583
3.519674148
3.529905731
3.549005246
3.584456669
3.622453952
3.626336843
3.665527762
3.711292727
3.716759593
3.782899136
3.799784089
3.836387839
3.840528908
3.890366052
3.959732586
3.981474734
4.102527664
4.106042757
4.155678953
4.235685968
4.264767235
4.301875606
4.317218879
4.360169549
4.402749856
4.408479412
4.570678879
4.703133375
4.853290024
4.905244968
4.967015433
5.019556658
5.067360608
5.101396037
5.179209699
5.222845752
5.327070511
5.364758149
5.465707365
5.471499314
5.502219584
6.542303066
6.788500801
6.815975234
6.901026767
7.219153692
7.358767817
8.201348945
12.98871052
