0.059874079
0.18783818
0.263318585
0.314492397
0.355471364
0.419515466
0.448418549
0.490985954
0.54167455
0.546410767
0.629294819
0.642197488
0.660627082
0.70164621
0.713532834
0.721258662
0.72413816
0.724248309
0.725942197
0.727838937
0.74160465
0.746045217
0.752408414
0.756078116
0.773579583
0.80863207
0.82071949
0.870712997
0.876779486
0.886850847
0.889709503
0.891955964
0.903349124
0.91437572
0.92554607
0.927698294
0.928628158
0.938951002
0.957648616
0.962223431
0.972296153
0.981434175
1.019701721
1.047005023
1.059870719
1.061485886
1.062374609
1.08156117
1.090049095
1.102358495
1.105683211
1.106762498
1.117308862
1.118780039
1.13320742
1.134142244
1.137725474
1.142174695
1.153277024
1.155049984
1.182369261
1.18641464
1.233058734
1.250824469
1.267164092
1.284704023
1.300699541
1.318450352
1.323571748
1.324102731
1.324953208
1.365876482
1.372524519
1.384518025
1.385316723
1.386590694
1.386763748
1.387582082
1.38949309
1.397554204
1.402543161
1.412101243
1.412520578
1.420453257
1.424054874
1.425366756
1.425498272
1.428172796
1.432736822
1.44030262
1.442199814
1.460769523
1.462629931
1.472276573
1.472817696
1.475529365
1.482426844
1.485045337
1.488217441
1.493499345
1.501089837
1.503429854
1.50948592
1.517825305
1.520272002
1.554659424
1.55489994
1.555186318
1.563613031
1.570647334
1.584210756
1.603300534
1.620662962
1.629833441
1.632273301
1.657368704
1.658767828
1.702605804
1.715227502
1.728014591
1.732907402
1.733594281
1.743540776
1.746997195
1.75014491
1.751610587
1.751612845
1.754509434
1.785140213
1.786299067
1.794019472
1.806167836
1.807642295
1.822941566
1.825565827
1.843959087
1.873511761
1.882565713
1.893674617
1.89457827
1.906519962
1.929374992
1.934500852
1.935020271
1.939674843
1.940368143
1.954295195
1.959707493
1.962117512
1.969113127
1.976438621
1.988804735
1.993873009
1.994887649
1.998130597
1.998142094
1.999796476
2.007155252
2.013692752
2.02015033
2.034890339
2.042089159
2.047001069
2.051989332
2.05482618
2.065444665
2.067704789
2.087626228
2.089619616
2.099549275
2.107196329
2.119543844
2.12048278
2.1209233
2.140851185
2.147082191
2.163931323
2.167750909
2.191180795
2.20026604
2.206701772
2.211941559
2.227881167
2.228984916
2.229331019
2.23184853
2.232957587
2.250442784
2.253358977
2.256714565
2.271399572
2.272909777
2.278508155
2.283008559
2.298249317
2.303812371
2.308542894
2.310599451
2.319367899
2.343139807
2.354415096
2.373562161
2.378433934
2.382710429
2.388711353
2.401721822
2.40934999
2.412897855
2.418828161
2.425697115
2.430913673
2.43931684
2.445787536
2.460252184
2.468809419
2.47618157
2.48169151
2.485027058
2.491343537
2.498096147
2.509694413
2.515975302
2.52162901
2.538694347
2.55723766
2.573289417
2.582392015
2.584204637
2.588594331
2.598462028
2.602321191
2.607352252
2.614480311
2.622559266
2.636144614
2.642505658
2.646116976
2.65277442
2.653441438
2.658576772
2.658833535
2.662076711
2.675410169
2.675504657
2.675882182
2.676064712
2.682426872
2.685637854
2.689216982
2.697200858
2.702461331
2.7033917
2.704371
2.713280551
2.713440435
2.714833317
2.715398142
2.72083391
2.72165408
2.737372854
2.752243455
2.772709161
2.783366792
2.788071414
2.796247132
2.80194952
2.814128476
2.825172436
2.827743409
2.831829329
2.836856824
2.837282466
2.837602821
2.847596946
2.85100219
2.851066771
2.851089933
2.853611651
2.856308987
2.860856802
2.86217121
2.867373094
2.867703196
2.868863973
2.870306996
2.870578932
2.870764907
2.902419886
2.904562286
2.90927724
2.909408353
2.912423114
2.915797315
2.918648006
2.919933302
2.920420697
2.923977969
2.925921959
2.929535486
2.931936765
2.931960988
2.932687409
2.938021635
2.945861571
2.95333479
2.958128691
2.959551161
2.960332371
2.964487923
2.965323676
2.989908778
2.992080581
2.995161241
2.995655611
2.99661692
3.001457283
3.003625961
3.003974249
3.007347988
3.020762865
3.026421628
3.03722907
3.037318445
3.046354145
3.052564674
3.054647975
3.065583061
3.066371709
3.088311574
3.090933705
3.095646786
3.09813657
3.104816313
3.105887761
3.111540445
3.12621936
3.144567814
3.145460852
3.15289656
3.154953416
3.158076072
3.159310113
3.166495991
3.181063532
3.192012883
3.193008912
3.209616891
3.209744222
3.230018075
3.231537228
3.236631572
3.242300909
3.242811102
3.254435412
3.255318862
3.265620597
3.279380088
3.279903428
3.288366538
3.288758702
3.291345126
3.296842698
3.30452412
3.324559127
3.326577616
3.330382274
3.338938003
3.33926667
3.339422108
3.340568777
3.351481704
3.356781849
3.358529552
3.363169968
3.367319906
3.367469807
3.376398411
3.381095695
3.391872864
3.396021086
3.422796836
3.426944394
3.439584422
3.45271251
3.459487347
3.468620892
3.471779457
3.490763149
3.499131
3.499989352
3.505667159
3.507837566
3.510330914
3.516674675
3.518767112
3.519183515
3.520290348
3.525304796
3.532155135
3.533509263
3.54631768
3.550155562
3.571139007
3.573143002
3.573820013
3.584198886
3.585709512
3.596883708
3.599242295
3.602434048
3.603772577
3.622602055
3.625528361
3.625910712
3.633690521
3.634863086
3.64122616
3.649515224
3.651757489
3.652209414
3.658608002
3.661673639
3.667218797
3.674803355
3.680131048
3.690010816
3.695324383
3.696753568
3.714284163
3.72759469
3.72782547
3.730353459
3.747753052
3.752043882
3.753939353
3.765797827
3.782708671
3.802787101
3.80514161
3.80534604
3.824725193
3.834310496
3.83951902
3.841888561
3.842497096
3.844124544
3.852328369
3.857739745
3.85813641
3.874545675
3.876683516
3.880467604
3.891505973
3.910863702
3.911123854
3.913401673
3.925284321
3.933593838
3.964713803
3.972582071
3.982793226
3.989077488
3.991409809
4.004092765
4.007192511
4.028563998
4.041749384
4.051114667
4.055171151
4.055404037
4.059219945
4.064386564
4.064896308
4.068501047
4.072364215
4.080554775
4.086042906
4.087876356
4.089650637
4.09078876
4.099108339
4.101387012
4.103286471
4.114582811
4.118267315
4.124916716
4.126473974
4.140100441
4.142634353
4.145517782
4.158020497
4.158950235
4.167955378
4.16870736
4.173244981
4.183147623
4.195412478
4.198856277
4.218471269
4.226562056
4.229884554
4.237767526
4.250883805
4.257371651
4.261934429
4.280157733
4.282992269
4.285188654
4.287947285
4.301368139
4.309643781
4.309908288
4.309919874
4.316292897
4.316563717
4.335040596
4.339536628
4.341924382
4.361766455
4.363640695
4.368740851
4.374151224
4.387037286
4.395082972
4.412647007
4.414593269
4.425990806
4.428152734
4.439025253
4.455515379
4.460068225
4.461526597
4.464946588
4.488040864
4.504922729
4.505313061
4.513195116
4.516882716
4.524363103
4.530589273
4.531091144
4.536376224
4.549046288
4.55470422
4.572279781
4.583308052
4.602153393
4.610112349
4.620897676
4.625063363
4.629625856
4.645570331
4.655676143
4.656512242
4.662432023
4.670856775
4.686555392
4.694197938
4.696208743
4.698707411
4.701706674
4.704672274
4.715256024
4.724013469
4.72732567
4.738976829
4.759647954
4.767505996
4.783515947
4.802561099
4.807261538
4.823406687
4.824842416
4.83195386
4.837313467
4.844867429
4.858262455
4.859340604
4.870994727
4.873741768
4.904336286
4.911014687
4.917670372
4.929545241
4.930976994
4.932217059
4.943230161
4.946959822
4.949052628
4.95500075
4.979991149
4.982534993
4.984682956
5.003520285
5.00674124
5.007047547
5.013672869
5.033567593
5.055930214
5.066131414
5.077338656
5.103207712
5.116535072
5.122386472
5.16292748
5.171007652
5.174362218
5.213327731
5.226099082
5.228549226
5.239587395
5.247449571
5.256386347
5.263694528
5.266427242
5.288412217
5.315239682
5.319675785
5.335896898
5.347712557
5.360767644
5.363473154
5.376483027
5.380103557
5.386818794
5.386929981
5.387946211
5.396361845
5.410679958
5.416748788
5.424864617
5.427006183
5.45764955
5.470237903
5.471125864
5.474988982
5.478591145
5.497702451
5.499765869
5.545292196
5.553825672
5.56217261
5.56334251
5.597405944
5.602029298
5.605483726
5.629850821
5.644762421
5.658889895
5.677750273
5.683782401
5.731558436
5.738656761
5.740003659
5.765221308
5.766689179
5.773472221
5.775705818
5.784687165
5.787501458
5.792789309
5.793881989
5.82759433
5.834222994
5.868074467
5.875282968
5.88082762
5.893257218
5.904451453
5.922277985
5.933758108
5.943928884
5.945002406
5.955375107
5.965015704
5.972093728
5.981008894
5.994788616
6.009609482
6.015918948
6.029684778
6.039128889
6.058205204
6.063816122
6.086726046
6.094172371
6.10819942
6.108496095
6.110204008
6.117268739
6.123747241
6.142905214
6.14800187
6.156938787
6.157277789
6.193726557
6.206907528
6.211572023
6.212795401
6.234974379
6.245481569
6.26022514
6.261784021
6.274824118
6.280294648
6.284777609
6.286825872
6.297193219
6.304563079
6.308038908
6.311983241
6.324962733
6.334346565
6.334605626
6.342496943
6.352220453
6.381824015
6.413885732
6.421772553
6.429308747
6.442517855
6.455768145
6.475647164
6.488934042
6.500215011
6.516250673
6.518812603
6.525038627
6.534751275
6.543022978
6.544528191
6.553387888
6.606878664
6.614805895
6.62266041
6.625044274
6.657317499
6.668195109
6.672313341
6.674215245
6.712665405
6.715862798
6.72960368
6.739805545
6.744949478
6.751951705
6.774609127
6.776536326
6.778846177
6.786934541
6.812927253
6.822728135
6.826038268
6.832857904
6.840483328
6.893908637
6.894570479
6.89898021
6.923262568
6.928806089
6.955182784
6.963451272
6.983042241
6.983702864
6.987984389
6.999442399
7.010995573
7.042934849
7.058502296
7.074472036
7.082409188
7.091683656
7.112712939
7.126848146
7.142255052
7.14941697
7.168334938
7.173147384
7.195961872
7.202415351
7.207053399
7.215343686
7.224797342
7.235601611
7.238824478
7.269645274
7.272453934
7.309448416
7.321361671
7.358280732
7.376285456
7.398023246
7.400743013
7.4214771
7.433256213
7.454456493
7.466019248
7.481497774
7.49389587
7.496416503
7.520845141
7.593086533
7.604976229
7.605310387
7.60628332
7.622550782
7.626036859
7.67375877
7.678544242
7.686643731
7.693201059
7.712332687
7.713836947
7.725191191
7.728448085
7.731113392
7.749401076
7.755045457
7.762602884
7.779982844
7.787412668
7.78886281
7.811664136
7.814242213
7.89746603
7.910250071
7.911790244
7.914436503
7.920475277
7.974860322
7.97508314
7.998946181
8.014685069
8.027581891
8.079217324
8.095092387
8.125351513
8.135112642
8.155038279
8.166125273
8.174730123
8.226950205
8.23109018
8.241902684
8.244704464
8.24957259
8.262019488
8.293424383
8.296656704
8.347949503
8.35896976
8.388100931
8.393515304
8.402870397
8.440795294
8.454401858
8.491198007
8.491379132
8.519111737
8.541663879
8.564752835
8.576105645
8.577815178
8.588574185
8.600839583
8.61295176
8.651641972
8.660065718
8.675728072
8.709740633
8.729173275
8.731098005
8.748701341
8.767785354
8.79243207
8.816348888
8.818716527
8.818730344
8.824250198
8.881819349
8.888987763
8.908382954
8.929539634
8.948694045
8.969004247
8.970902304
9.003624601
9.04475441
9.04480138
9.08715055
9.122841504
9.147317211
9.152871184
9.158095327
9.163749731
9.19767141
9.204759391
9.241721252
9.276934992
9.304281708
9.350347846
9.354510872
9.398044086
9.446714505
9.466960709
9.471525241
9.476081773
9.52711198
9.527252141
9.554793864
9.588106068
9.670294229
9.680940963
9.7838457
9.854447732
9.855847235
9.885766452
9.915036791
9.936740912
9.979292549
10.03383588
10.04932808
10.05639553
10.09744775
10.12915446
10.3752101
10.51418733
10.52661173
10.56943746
10.57481188
10.65254521
10.65693663
10.69342002
10.69643201
10.74080972
10.84566696
10.85228676
10.86160198
10.88232376
10.89310221
10.93492012
10.94262027
11.00704714
11.04683708
11.09557165
11.12347645
11.15348254
11.16317373
11.17863693
11.20806748
11.29228907
11.3465361
11.37597626
11.41479255
11.5123724
11.51585695
11.51753607
11.55169433
11.61239151
11.68980604
11.71563901
11.74465098
11.96164414
12.07009592
12.10841715
12.1099676
12.25040212
12.28187234
12.31102388
12.34378515
12.34630688
12.40390223
12.62842488
12.77429157
13.12064965
13.14864197
13.32158064
13.81722443
13.94113711
13.98872404
14.1363
14.28679758
14.32503188
14.47381288
14.67314571
14.81809077
14.82862792
15.02878165
15.21325624
16.1452031
16.62254294
17.60965147
17.62916943
17.80806242
19.01934795
19.69308108
20.40989949
20.68577256
20.89828005
23.42702999
