6.87935590428804
2.66351998841587
0.0968428808638036
9.44699066794696
0.440519005397445
4.28740851895357
13.1001178640069
10.8722193700755
3.86301631324535
3.36786439874053
8.19238278676108
6.89720802373029
2.3093474087617
3.53658625593821
3.85906868443697
9.35577971133056
3.45228440175505
6.90194834938056
7.83719312129618
4.021172929345
6.18500729254021
5.44539369528462
2.52659301279714
2.70192431099531
4.00951417846834
2.09362722927158
2.7427306570217
6.34244397541996
0.827230363748502
2.30464234872481
2.01656325930488
2.63626204363511
2.11314157152529
2.72754210676522
3.73527599295652
3.62153129116879
0.939764652558153
2.85235901852711
2.49192973563808
2.17612327603031
1.97229307126093
2.03298444457853
5.90970189611208
10.1981408945968
2.85238509457025
3.35927833987963
2.76775442592161
0.555054190557489
1.9364911375338
1.4312426329486
3.24646408795001
4.10997730848494
1.06591370283803
16.2230300044301
1.16952209494945
1.65834871943098
5.20863706681308
2.55276891249379
4.39248855703937
3.28035322343744
4.66802854321992
4.01873056053282
1.77727619357878
0.570252793887467
1.71875143595299
2.90760716121107
3.93288025105154
4.38273344516423
5.84829973454743
4.11693464236773
1.46999645545374
2.58005327245692
3.1075283724391
3.07634999524117
1.64442289714898
8.25097036754666
2.48580339474908
3.79505050083711
0.985979994022541
8.02583682031599
1.25225525927648
1.74041101010043
2.47966300186029
6.58718101706318
9.05063363534829
6.58966403568517
6.60947912767415
2.16491541735777
4.72530065909258
2.71158934125108
8.80723441964647
4.73940240723224
1.98705183754914
2.38607293659379
1.7823192762443
0.755126403481086
3.46499484072843
3.00319121610551
1.88037098509847
2.32270706100612
5.65151281680455
6.31449219854972
5.65424820056502
2.78235271718623
3.92459553356706
0.952217438286185
2.46939541678114
4.33667465334043
3.24747444325259
1.69450657689702
3.72821508948906
3.18081184614124
1.90210540428517
8.024328871756
5.62736206884796
11.9655353548752
1.62491597688271
2.66239643105153
6.73489244029775
3.0730621542744
6.9671446149612
1.41292874717882
4.12044153400819
2.07955567185802
11.3546478739644
5.60220171019254
1.1276665789226
4.01305689875545
1.33144124400432
6.70420104281018
4.98808737893945
3.38123167069953
2.9117400448274
4.77911377262072
1.38256504538732
1.30971301772392
7.32324972490607
1.68877584511684
0.175580826922975
4.36960835028012
5.09189862739478
5.22428670967224
2.37142928712317
1.21752172704869
1.08682118120211
4.68688523408366
5.2753611843906
6.07151270682004
1.7430017000932
3.07272985026191
4.14903708136412
7.18430892620353
1.41975428532201
1.13843931414286
2.21525894354439
10.7883669576568
0.928386736506389
3.87579962658667
1.79942718254294
2.47916484631042
5.50309413078728
3.79119037695707
4.87732390132247
4.08872581406866
3.67572326910922
3.66554638222886
3.47666525568762
1.07201364200517
0.0563049819460666
3.44921680019478
5.82334751673853
2.52191254180093
1.45033902151092
6.84257802468038
6.51421096223226
9.13098061943416
6.49481556143721
0.850414649294609
5.52884269400073
6.6780271128902
3.17359625748629
4.2996308691925
4.96012043350659
2.0876614680596
0.804540470345461
7.78751731466617
6.21783088654109
1.6381377756481
3.21424206246767
2.57104825702252
15.3776060238499
1.35224538697766
5.19343179947887
4.02693869712643
1.88722190265612
5.12141850751521
7.89426354840232
5.20109436746798
8.2294476040751
6.72897542446378
8.43198685760258
3.14492038096563
4.0611126507578
3.10032204536208
6.4530748239209
4.53009056859861
0.722765030167231
0.421826729506414
2.90091936570809
4.46127906258018
1.73942976777555
3.77030322939456
7.01334945031774
9.34387441249931
2.75634349972743
4.53967691838662
1.12828859466432
1.93339604626426
1.79415873663493
1.64267432905342
4.41687046787529
1.96597429940416
5.73729516382017
1.84038092017277
5.82738895440283
0.778511648624137
4.21499464808204
9.83284660663348
4.06708385624434
6.30340772045349
2.4059315051687
1.63203556745616
1.12684462615406
8.14452146175375
2.76822045015617
4.83652167438849
2.22428343978163
2.17552685634806
0.838071441439521
2.16122560309521
1.45126326942855
2.18364381336056
3.602672206581
1.98545900693994
2.1510710632293
2.92729108598137
11.3345542437902
7.18223972180783
5.14406263729517
2.76967840662897
2.23794362633736
4.92096085511919
2.66112042106719
2.537516786768
12.7538044341185
3.77041465399307
2.69592306037786
2.41822283667241
10.2570534169815
0.93591081686909
2.45832806998964
3.2490578084206
2.16138293606493
5.85826165955501
2.60520444844155
3.09680892513847
1.51679251089598
1.68743599022147
4.83174413251401
2.30086029547011
1.69376991636593
2.10367913261021
2.41699659831319
7.28698420364299
1.54477634798049
1.82946018017914
1.80455014547184
1.1949904705899
3.91935545597087
2.59928746939241
4.19288307180711
5.59872078108622
2.8278599104379
1.01166329738707
0.848212776345336
2.02363017451587
3.69479047008077
2.53260933990058
3.82559045836195
2.12974235687483
7.85629382293612
2.86504977166746
9.87100862818641
4.79314466070827
2.70406711607064
1.84792529678733
1.00075616148361
5.10700514614917
2.66226027467349
1.11014662277969
11.2848672033774
6.098492444781
7.90754779274612
1.62881121744786
5.43647738699556
11.7710369427732
3.93157760238866
4.09133664535714
0.773290650487333
1.36089221568855
3.69896308351876
5.01829795441567
3.49498467452214
2.53711135419435
5.32499643222765
4.0352699051176
4.05379477311577
0.406545098456391
0.308794954785405
2.46470368750739
2.98889906125863
6.99986139062948
5.43986068685332
0.74962264664631
2.48691444595782
1.23286100498911
1.51067691709915
3.70594309215894
1.26305361927987
2.92043659945424
4.76741305945728
3.52114021576602
2.11799474596144
2.46811801031725
4.99557592960983
2.45301640515719
2.41566517607092
3.10716299125891
1.62938883310449
4.52133377184492
2.73515512553781
1.58597660339571
4.15910823360249
1.9865134590052
1.11009627805653
4.14809884587958
1.75393323154895
1.10938256072083
4.53434180063716
15.9145709943721
2.41886822149545
3.66873790011654
4.209808150951
11.6928911240991
0.269559914575074
4.06357291189109
2.56942107331489
1.26480851370852
4.98446630233576
1.62614338600943
3.02354006914772
2.58659425947771
2.43284920789407
11.3009622888842
2.29941184770506
7.47587814763489
3.4706499759363
1.9277272386716
10.2225789982102
7.60682857637663
4.23988089226681
7.52896597498162
1.24596551495436
12.6163285895908
7.57135487732315
1.81590245567623
1.72728216629266
1.31285487175946
1.28314167899648
0.913140714812811
2.14634464760554
2.55364979805791
0.546428438605383
2.58872481796118
2.81933943564891
3.90349774231371
3.06014923883642
3.50020602531074
1.987104022296
9.04225248119261
1.07739475697599
1.35460831630049
2.31166442783813
2.92295873356291
5.58393167412527
3.13592424659553
3.22982469115373
2.75413056936081
1.39551922241261
0.903204801964434
3.22023156772053
6.40608867690832
2.67043456474844
2.64731846847235
0.829640076710825
6.1630832423429
5.22443457314433
2.04243475401536
2.42427961509294
15.1624929525757
3.00891749882548
4.1124545767383
4.4981183967036
4.66850600102919
3.62360212496586
10.3611232194691
1.21881435700887
1.17916675344839
2.01838601541005
1.38146717919026
6.40056910703014
2.59233346085217
3.00959963134054
3.10002641760184
4.25642544713105
6.54929880439126
4.95942462866033
8.45719469826648
0.754380081610202
5.35329504630996
11.1217629696039
6.5200680788708
4.94293331058302
2.60571300397704
0.370390399608398
1.44080909813172
11.2828297635253
7.24885682503244
5.14015646898817
4.16717744025466
5.90515238380997
8.01827156386049
3.62978313870063
3.3118123293754
3.31054687411156
4.24347456839601
1.90644850405844
0.738339193469293
3.61009339965437
6.0813659011252
6.35470444674517
0.71037065424865
4.91173016764377
2.21114543884055
1.28411357207185
0.453315865705388
0.868350386088052
2.14272258197357
3.15798792680239
0.611357551344827
0.834077402078847
3.91301976056445
2.74185911525684
2.75499502099944
3.02242676804116
3.85301091115037
1.59663587530996
9.92227254460399
4.6895354037617
2.17963467288366
6.5308074022111
3.22301398449497
5.23876810645929
2.95285462500905
7.93390537063302
3.51575814959612
2.52273646030144
3.18193337618694
2.38394605395029
4.33470035048161
5.48806682270073
1.9274526279938
2.87506407184972
5.117129857421
1.6222903829064
2.61860526946892
2.96984102495274
4.5802289161942
10.1749316974371
4.24017525277848
2.9298292017866
1.26364322635758
1.28430280733873
1.06884793687215
2.42516664682577
0.922302088647468
2.00737504876279
3.08898098619267
3.14551678019145
6.91993948588117
1.85248889189376
4.38337651306833
1.15853829383818
0.925307620308264
11.0246114113631
14.302843504857
1.11991783318465
2.71568124476297
0.744357563908352
6.85727760839019
6.74210748800725
11.092873817328
2.57487743276657
0.928767452518505
6.72501739072053
0.767303878602104
5.60158198983521
1.64172463677313
6.27957279481445
2.86084432511805
14.8230419038615
0.57018778372022
4.15266319058522
5.28333109227449
6.79719909032551
7.66029010458254
2.10700638713132
6.71068114213642
4.69455388204232
13.8099378097742
2.12685635629158
3.83877160813536
3.70735670412002
4.92135817224644
3.29340725796594
0.855331124961969
9.61493224271172
5.07335285149171
13.5999830853506
4.44232965825017
1.81351872412345
6.55397218654108
1.99881302339799
0.489308341952205
8.92013014370835
3.31432736232403
2.08923276514023
4.12764380235527
1.36586161901376
1.42602887868345
2.9649087213233
13.4705670257827
3.21147076007194
2.52043240909457
6.46807188543769
3.49376766233352
2.20699119480391
5.30257396207563
0.689512414690893
4.35312080613968
5.69676938470943
4.269064711579
2.69982553970569
1.9631593883336
7.99217625131681
0.568807004275179
2.41432364560213
3.22689062177803
1.89528338592433
5.43743092775341
5.37611073906401
3.92567766502098
7.46342575291045
7.06168445047366
3.24132975059191
1.66073653322273
3.86705203308473
4.01267602456179
0.42943150154696
9.30013908750447
6.38434423798585
1.35027511002466
6.23250955176177
3.60471485829428
4.56059413016575
2.44887469367647
1.46861869791182
1.73177635466315
7.6526912769877
1.64210701577219
5.07160755492716
6.33350158553257
7.60334845376237
6.32732446272742
4.73986951566796
6.423207288851
3.35913258884136
3.7015174799053
1.91762784231446
4.07812079835848
12.6022700736823
2.65815168333546
0.611677471887024
2.23480846437457
2.41391023515637
2.68019022132086
6.8063921445173
4.38915495382824
1.9132101828543
0.603361084381015
8.0161326921145
2.60395113312443
5.18258062162845
5.82340889235476
4.94961413880599
7.72374826055547
0.821170160043602
5.01372869535469
2.2541548524501
9.8361042625014
1.28266622755281
1.4252968031107
5.19678169846268
7.60226472806925
2.32592027743913
5.70198976126972
2.87784865745008
5.67293313076041
1.62574125181025
4.00055398659734
5.43788428193753
3.20008986565073
2.63162020190849
4.83205533748123
3.14245696154155
7.06249047928136
6.48891222718379
4.67854182373185
5.38170767022964
3.49669044038443
2.52600897492886
3.10532076267881
12.7183569157136
2.07987480252437
9.02831704051773
4.67681282827812
3.92704923986603
1.3239717480384
0.484132141722109
1.86622024187752
6.45420423673793
2.2709714098682
1.51002115545991
3.97792618976864
6.79236044314079
2.71687230241028
7.65086597600861
9.89667613592859
6.91169971435733
5.76689209192331
3.48256133953506
6.88559051180288
1.22045026947924
7.7053580596421
4.76052663503344
4.53750827465554
2.50384184307967
2.07570989619027
6.17875252726402
5.99701436604314
2.32876876332544
11.3372676512754
7.75273729566515
3.66547162808282
1.44907777341387
0.537413914491475
4.21935206903437
3.4654187349141
5.53633203004227
5.73484376972002
6.83665039034784
0.842084164995964
2.33345979365235
3.62647395321607
0.612770413685027
5.38334064016594
1.90826514833376
7.39161999178254
7.74041386852487
6.78211492451485
3.28517632475827
1.80475762260172
1.20903870509598
0.517246820164415
3.69050141557987
5.89157207118858
6.49890060548088
11.0535879330575
4.73085632860756
3.0104532218866
2.86114005100849
5.76086441966081
5.33595066584063
5.72631017872549
5.08780351399494
0.528458274165996
1.26244303089911
1.59338895386505
6.15718295924975
2.1148465273997
11.9708483489059
3.57854566888945
1.42079946633607
5.59551988092203
3.75311863927141
6.49782161403321
3.13310502363017
3.13670443950882
8.02542862259237
1.18984908364562
7.14221765386323
2.56295874521869
2.41788858670932
1.99873703040159
4.16465617772184
8.47341212917447
1.06580059417324
0.792351990317725
2.3964064448223
1.44646760158994
2.49996463566558
3.30947679033458
2.63759420666582
2.46293897769467
7.49287495823238
0.484151046471854
6.56311362041825
2.21857446131831
3.52392561500774
6.18981926027954
1.08003096677102
0.826411081952458
2.3691210880064
0.625874480840973
3.40492635266064
4.39399543342081
5.60415888932423
0.84734016544172
3.3189291302055
5.08818622124226
0.428492761311074
6.89791698951369
2.62150428363021
1.10505927422107
0.916774476313171
1.90086434559418
8.78263562998889
9.93661020744049
0.600785938587075
1.7946494091927
5.15286747410768
8.02878816762599
5.67988699447781
0.83860816381453
5.332358755851
8.39151422527438
2.62592682649976
4.77755105241064
0.937086152394166
7.6672561364472
3.81262618145356
2.19905621372089
1.58980797239526
5.89368240306751
1.19547614927145
3.75594354063895
3.77396984766109
4.06573127332319
2.92135608903413
4.69169662306024
13.1303953991268
2.87544888580859
4.25650962418269
2.06699088558939
11.0631602157137
4.72878218328425
0.509100219468265
6.03289489577368
2.81493133489358
14.8633544869642
11.817291275459
5.5501651554441
2.79844323991042
4.32380098424248
4.68527809293354
4.57309285950573
3.89351423320854
3.50543530831043
2.02169231899284
0.808132111275704
10.2936467796703
1.84140770152921
1.00486813158883
5.62771391775164
5.42302099873291
9.10056593641078
2.33341809585568
2.18332578094495
3.05312657149831
3.11818476285248
4.56669465668409
2.95224366444574
3.95335298511944
5.43318910595577
1.75165356980489
1.83801680680444
4.79572791836916
2.88976497603347
5.0869232087635
2.39950614720868
4.64583403624196
1.11621538642549
2.45239454152555
3.37928520800394
1.13098216798536
7.32940893902697
4.10690587837563
3.61448758034478
4.96586492193241
7.00487163756672
3.23502806598753
3.40168261153859
6.18627218852086
5.27593696794623
1.03578584383277
4.48899792323849
1.2311110759341
1.35812119344294
1.26024844455002
2.07653063691678
4.66530831458207
4.39777363266168
1.31130530450595
0.246252957700061
3.00266142041187
2.84458170960464
9.05118936137565
2.43443132337975
3.85103010507018
1.32342767374299
3.59319019316764
2.94697252715907
1.54377580667113
0.600171798832131
1.73337800351246
1.56833514384826
4.07212993760116
1.57462308818998
4.21927434306958
0.710488670658337
7.43931253206638
10.8612771072493
2.93050574268766
3.60076181481846
4.84266934554035
7.01627902037798
1.16980224825585
9.09948637180456
2.5673053336071
2.49590753102248
2.34699968136565
1.82370750089751
4.2871317677929
1.51901714005185
1.68554337017081
5.99160628619606
1.97148937041862
5.67214437210041
3.40236333775506
3.07633662190534
0.954857783853899
6.44606884959086
3.89074803304554
1.43456633977193
5.51181089328026
6.00774353579424
2.24871091413443
5.67020606425458
7.27188025870052
0.847782921863857
5.35935261564232
4.72582250875358
5.57985234139066
3.91246134636065
1.98711229279195
1.37161419875153
1.26531282409844
3.05193684951859
1.60707696283595
2.30600302295125
6.45488322089224
12.2395825438623
6.29405188897278
2.92724284022162
2.56517746124207
3.42924538658323
10.8887772985577
3.38401028095017
5.39239805117457
7.17660716403945
0.522291071554738
2.65347245694504
3.55296433016748
1.01268987610967
9.6343158797636
8.35919726452257
3.92018805820897
2.49133705391589
9.03577983640788
7.06976385835082
3.91787420945117
2.6130166093265
1.4882116879813
3.07874126299679
1.78240949976607
6.98013135960496
3.20377189706944
2.50161158825033
2.85056148956623
3.24811567577942
4.75942022211644
1.15009989055868
0.973753302088037
3.06313207572737
2.98609431146935
1.66886655967296
3.80697989408797
1.92326340205185
2.39270239077765
0.505397090164439
4.43164303451309
2.01211764195639
1.90735273821164
5.00728410443842
0.229468721168768
5.32910893216945
7.37468682182729
2.04418542387563
7.37568549880431
5.96726533346276
1.61714721786195
6.1138468261623
1.47064468078876
3.32643037564138
7.2332795341455
3.23090302221175
4.84360826403372
5.43808459439918
5.7618390686398
3.14019572736366
0.897873101300215
3.23819321402213
0.530835453217694
5.08691005922889
3.91313760411072
2.20996782880959
2.75749654623766
8.79485469380218
1.4262025839261
3.78514441165993
0.444912643089794
4.45062273188881
5.2233249720876
3.27832171329501
0.332821423436779
2.80665827604139
9.05340218431192
2.40702225405893
1.536923918282
3.31203543711317
4.54442460344099
5.35791077047926
4.51230406835438
5.67760468569072
0.604498470194114
4.75868202765285
1.20357204544844
4.60801173414469
3.45057105183557
10.8766482523873
3.30901886028583
8.45413770110337
0.771172994294294
6.1054989243542
7.24607479039445
2.99860992971129
1.62617480845797
0.913995679330152
5.92324169327905
1.64012382482939
7.82878190226063
0.791816076131009
1.9683711404499
0.546152429066027
5.05168690812083
1.7037087266055
3.20704735117867
4.88310211618385
8.98478090502134
1.17805179893693
2.37854577378525
2.26136461657049
11.0748668385987
3.75198513934694
1.23214011898252
3.94743249066859
3.70525201531103
5.96361051114298
8.13932066857348
6.24028325040269
2.15393510399199
6.59521025736092
9.81477868961903
4.88007632668863
3.59903833116811
5.31859289093071
8.57228446359376
6.73523940228247
3.31885553870075
11.5948649869217
3.22318335501281
5.53348734233204
13.7361782803655
3.06288728696513
3.66923545616316
1.11072100268603
5.13178533748556
2.97911920404128
1.40930924125725
2.90356649168596
1.56484061975512
3.11083596876765
3.11910939584263
12.2624021884169
5.30690990684547
7.50495767093598
3.42132991776597
11.0902017763741
13.3335785373935
2.47299110902372
1.62169647203365
3.49668920421319
3.79992458232742
0.800808862614541
7.58475538027181
4.71693909043714
1.39639211103772
6.78468379426854
0.881916132507193
1.60649086830765
1.64486221215505
2.02171279214458
5.40105479645632
2.19363067884515
2.34829438093503
1.22721022711915
1.62494907716499
2.62354371941484
6.74299281625125
5.25395243355602
6.6691561484629
1.3581913195815
4.68345039645112
5.34875740740376
2.51803033785732
7.01404926730841
1.68387317397068
1.15164956257479
5.7485334556648
0.343854388559109
1.70197908725533
2.97600448368689
3.79199455187549
1.7384859934262
4.20398079280618
4.0184997070404
4.76476465193049
5.28435781670258
6.93264630511864
2.57378411897054
4.00487307485905
8.54780432073584
3.71137138197423
1.36995935363432
5.33328757845348
1.75765605703728
6.52344414986358
2.64998089498714
2.55759310800238
1.11733833183622
3.50431533841666
4.89215369297796
6.59517279016804
2.91836990354468
1.5304583602779
1.50701968339173
8.82607077061614
0.659353786823122
1.08021301338807
0.538414834762683
0.912611429695741
8.36216100606928
2.26369028553453
3.65386483828157
11.6490070426318
2.31314279339031
3.03290586318805
1.54997895325948
6.22969123305214
3.29080036668634
0.794517328335708
1.2449684276591
1.90624977364786
0.287256170295982
1.17038306435829
4.60730753242797
8.23962524966519
4.59303617856865
3.9838860681379
6.46074500058569
2.45406351524353
1.42381514937626
7.29516320453575
1.39819431499039
7.95395491318007
2.94267275413932
3.63238675732258
9.34341055137015
1.93362574287247
6.2109781305955
1.90565579718277
0.741721705773159
6.86828725901547
4.89283020512057
5.40119831462915
5.22478097181676
3.15925852830035
1.63240591269249
3.50785704558513
4.2548498144968
2.25139865391729
12.2080835107989
1.56253809823828
4.04860959609407
1.60745256957919
3.66411325157839
2.51291337337907
3.10235762659502
6.9381041646703
3.03806452755056
0.543433457300113
4.82273867056285
2.8512724934825
4.94534320326883
2.90268789763428
10.083604999523
5.85264957288287
5.44814421652241
2.81817021539461
3.78753711120282
7.03213762965767
2.5590639048737
2.81487036008153
2.30179764871265
3.02251961413867
4.6608003661775
3.65842604627073
3.90965646143966
3.80416739055017
3.45655058894018
4.9005570704777
10.3025610432237
4.54357806653944
0.92665833855908
3.99397805818251
1.37005184214922
2.38741887981563
3.50585609806206
8.99536306173024
2.56938675525553
1.6358037570545
11.0029343334746
10.7292686801196
6.68543246976574
8.82738912441115
2.92313496227415
8.60956067902876
9.71801807992545
3.58261501364681
2.8014099672528
0.177545377341388
1.4853874475162
0.864865569484851
2.24291553510445
3.80846536341184
8.92482890189868
4.01269442222035
6.36113356341069
9.8587269198802
2.63522337061857
2.57131016451081
3.48356317005955
1.87226309150841
8.51808215725122
3.94079668720726
2.74707270489827
3.69397273953792
3.07126498892076
0.572976189898482
5.71325890977865
2.36570145373041
6.52759622245174
3.55278618038781
4.94247069848133
2.30749095475475
4.18907272485791
2.04413042655237
2.20809604867243
3.92196798356651
4.08606770155789
2.28071216428983
1.1681111452984
4.56354254769936
0.806704439835003
1.03459361438295
3.47308537504642
2.51935513648275
4.55585174795761
9.33862088670628
4.37361270214257
5.45014977707791
5.08973030185684
10.7322447493082
5.96093451519183
5.9549373106647
1.66106808397716
7.39830993235927
1.91119212480362
4.07628193417909
4.16812792446107
1.57520098412831
0.970685908755569
2.65449082095581
2.06006040097618
4.17642676274329
1.23512122213198
4.92237830547894
6.40867086290458
4.77108286692508
7.81166491417614
3.34583852998548
5.31845635920723
5.15603431709289
1.4018846839948
4.14230677290024
3.98340418341299
0.64313990958275
2.74761499486703
0.49609231719822
7.85383607752578
4.14170950934779
6.80480956911591
0.556414757186657
3.04184979210453
0.79842915623614
3.72199979329958
2.42988446714174
1.26479300338512
4.42355181034245
2.88834568437197
5.92644088023447
0.996754421382644
3.00643114461033
0.463686639958073
2.69129512270054
5.12433777640774
4.39329722732418
1.52710921129368
4.34019255408467
15.7681682480752
2.08695618166923
5.51303660285781
0.446888685315012
2.1641647901857
5.63031695952403
5.50139464943493
3.36133622608093
2.55203399139369
3.18567397944414
1.98143945834058
5.52094923630196
2.04838465795195
3.52891486326901
1.37062216971448
0.579173506242301
3.23533635385384
8.28625787956397
0.784452260455225
3.35258427802095
3.95602834012922
4.4404167393018
1.77417306128105
4.24391056953163
2.28649412789919
4.93724876757171
1.63926099990796
3.05078587059731
3.08855834487745
5.10377143292324
3.15441941354892
5.27637003561976
2.84624440317126
3.10277233026532
2.28556708504927
6.45168092504222
0.268042840898913
0.63974750446993
7.138180981013
1.42128633103321
5.22877156012694
4.02313358379508
3.37276350320285
7.02065295971296
2.57246235081415
1.14715025121178
4.35589328526014
3.29550396631315
3.65772573169207
8.97450077146644
2.87579597894785
1.86821079144903
2.33737269485842
2.28531270972596
2.42360749247246
1.447333742619
5.37921583700867
2.10641640225725
2.55776862517108
2.78625944261162
3.54558422373868
3.81711876910962
5.82471027776253
8.44579959389839
5.09338362984212
5.8902241680376
2.70969777999151
13.5873340022916
6.53539261409927
5.53988944024867
7.18991483148262
2.06480444052232
4.7374814596466
9.47155303809416
2.80480466797113
2.12691608683076
0.46199890911133
2.68639794297902
3.56184472698709
1.35795863175995
2.07031867975517
0.676856442821671
6.9440027449875
5.94589982410441
7.02195151986161
0.641142393972679
3.15035831336614
8.28554553894258
3.45815422494867
0.196258497419111
3.50063449992959
0.220586988549799
9.9997620691238
2.56625042410386
0.971482818033051
2.70178942340139
4.55433000327873
3.03251481558361
5.59657713582036
0.573892808892693
3.03418614908263
0.984019389254255
0.930525556150209
1.53020002862564
2.37705086113614
5.71427448871488
1.28943338191251
0.481627329977193
4.45562663934958
5.12533990670726
4.38037356160453
2.76321864508625
4.66234533253763
2.12382836915213
3.23964368154637
0.484588119839043
8.94237965440518
9.11324452096273
9.93186771542116
3.40503155003227
1.84419046325424
4.09298842625044
3.84221261452709
1.17728564622927
5.33182660115588
0.386159410570023
0.851953148728176
0.450514751251792
0.409949410690345
6.11230189041955
1.46325701824419
2.81766698283206
1.18277619419441
1.49601297463971
4.0802408503686
1.52824884598364
10.1489141845783
7.15587142791327
7.699003476852
7.94070920607087
10.9879904228943
1.31310785481456
0.848702290501373
3.56117432545749
2.2046217598452
1.84948509668109
6.49486523281938
5.20774347677895
5.30232832694194
2.1395715606533
1.26930242888623
2.78236955963098
1.70360659425596
3.97871929361701
9.47000013070015
7.42923388476347
0.816224799660359
0.825275609074011
4.45985929403473
0.391646116192729
5.55921146004808
9.24473836708601
7.70490445872282
3.41888739609353
0.948252068075606
3.74382772077759
6.03084210204181
9.54950125758653
0.61655161326575
2.38300598839272
0.789046199957634
4.43913891509084
1.42911800492277
5.81604674368571
1.00935696475846
2.06724398922656
1.20108836512278
8.30698283686214
7.0315927434872
1.86189025476093
3.41595130276658
4.07889616308356
0.983713148931116
2.17172253943756
4.46926517383608
1.17807068569057
9.44545310072023
10.4022085109335
6.56967396499961
1.15286210291971
4.79671869437631
4.89069979413716
5.888870370791
3.09737830359291
2.684477867578
1.07517968949314
3.98334769100701
4.41245998738185
3.11288168691261
2.16206958782037
3.17615526604121
3.59217240319553
1.63677315446343
2.44130885273892
13.4367810524575
2.35947517587845
7.37067707488077
2.28662201414779
10.8978341185686
3.68618851995642
4.96465036743434
10.5890231129488
1.41715435712238
7.54334194708181
1.01296537163796
5.93692036156117
6.34251480856481
1.28213579546681
2.36797661397758
2.96008525501531
3.42756338510405
3.2288295366071
2.71830962284023
8.60578173768831
3.87556972221796
2.30004712972208
1.84826416645427
2.98329251753639
2.72569669109076
4.68555190698589
4.27790881167682
1.6029985648256
3.77108672339721
3.81396294507004
1.41137726408681
4.47814553616898
1.3332130438129
8.46525162010001
1.00842833782985
1.23257711121831
5.27334278572147
0.821910220633436
0.857657353415691
5.7398651086218
2.70508448662797
6.15612489916297
2.38933535309921
1.37262996836585
6.70961387874704
0.460341429727444
7.80388133021498
3.20033876941989
2.82864033921045
3.89779788167987
3.65554344571631
6.07971835347218
5.13665813066099
8.95780576875665
4.04864022997003
2.05415075576558
8.12420301877029
2.06175069302071
2.77279752836848
2.1096989165657
2.09680272571952
1.407705396495
3.4743144311919
0.767436587737786
2.88381471011488
4.70339793952461
2.42555903091192
3.44332066317299
2.56448054045463
8.31905651939226
3.06787758206231
2.56272217485924
6.20330444672373
3.78261107368431
3.64399076114708
2.93422626127263
2.5437310498364
0.94918959709053
3.87334649769699
1.57102298743048
4.29275217676867
10.0425829962145
2.27670754257899
3.90277416662186
5.21204026512021
0.649065465852376
4.69770393743775
2.84125798473676
1.08571024891891
4.15605930335429
2.616055347485
2.72623036602439
0.863046854422356
7.96349720825573
3.84831427592217
5.01364418919218
0.641020664656078
6.57787220906199
2.75179416245562
2.68045603470477
5.0839034632315
3.23702329642345
0.616383410067382
1.545809260635
2.48830764131836
2.45199388498557
1.18451275367737
2.64737976007825
2.46850942082896
1.33847874151627
8.58101959748563
3.75348906270382
9.77561395415867
2.66940239554919
0.620067855668089
0.659710889403553
1.84901287535635
4.33494326575721
0.770239392884694
3.10149612963869
2.92262442198727
2.94038079052407
4.32477450782792
3.69850944395504
5.92424247523708
6.55429335449555
4.01645759007746
9.35488442490367
3.98242644944682
0.724765134232581
5.56627052792284
2.80917515898833
3.9517999096169
1.89725081492262
0.951996613019146
9.46942802584068
0.887320620953221
11.4330501028593
1.96937690354001
6.68075593800581
4.81265608699473
11.5702264545129
3.00695334948423
3.29368468635586
0.87558599632406
5.69972391464587
11.8169699706441
5.81783053776763
3.79131320344938
2.12068170654401
3.14280165801472
3.19296073515596
4.16697454444661
1.67360818662349
2.35244538237066
5.06004521991652
10.5133821289487
6.92880837923548
7.6441253152853
4.05193490919278
4.36596097049203
2.96449439057511
6.68710935354061
5.26906430129193
0.853529212384223
1.7702591702667
2.07877483377471
4.48016167019088
5.35536187913668
0.292753036878866
1.10725863896074
3.88563517826267
2.23683138781864
3.19682296481394
2.18464475448334
1.27913241428495
1.79417919258897
4.29579037236182
1.79361050902188
4.23103292891307
2.11843057657514
1.85464003254645
1.8718072993927
3.60338275629069
3.45285571800945
7.92793359555733
2.09602931132012
9.14590355326405
2.0446722140024
11.0879211098924
6.4207792328186
4.11146930887444
2.77133656327592
2.69374893254831
2.46623710568718
4.014620418979
10.8631234799335
1.77752567583401
1.22957735192313
1.27142337440965
1.5759525505813
4.01565464292657
10.1698149062945
9.11232187041216
1.34054081428954
1.94719607129729
0.902596197917929
12.4639442603824
11.022756604901
3.45824743160606
4.89464824992332
6.97314537796941
0.780761003680957
1.05042092420051
4.34468845219552
2.55687831239637
3.63635310485887
6.23902803966186
3.01754020194757
6.44640246124554
3.16047093981968
0.880858653777784
5.69621086265025
4.72344806725308
5.55742188173772
3.55822005273569
11.2120980570566
2.5357183222705
5.1820742250252
0.958338801386622
6.83644605264837
2.61821861049235
10.5007857129314
15.7895388884214
7.8212657764152
7.08695410719521
4.88891004944771
2.21767865584779
2.90963106914624
6.0107518405026
2.07397008381769
1.99038832309243
3.96588536896499
5.95543540321977
2.12769456914789
2.03921929214252
5.74845350072638
2.84656077729854
5.44363047872588
4.01605405497688
1.15767734577094
6.27314045443871
4.39504716472644
8.9934858365211
0.878767533386981
2.56164869792221
2.08985665625048
3.54498995273382
0.769587977268426
5.2695158584119
0.986018957518267
4.52864215819689
2.22132739343265
1.17668422679911
4.28216992329408
2.08361103875861
1.61117679456583
8.16237668904333
5.90627605301504
1.14425362194861
6.23541025874218
2.12756975985882
4.69248521356576
2.89173926773323
1.77141149061046
6.46494461121774
5.85149673677216
2.4384746111909
3.27123550260041
0.718190092752285
2.37819509941589
4.90246716240379
2.32704556434281
1.59279048245776
1.19315345581867
6.10561871960358
1.95349114485285
3.59503372000596
2.42979369011826
1.98531303065118
1.35099141306791
7.08028505832064
4.17358634024347
9.88624169944598
7.81240712891851
0.640152270711918
2.08445941738379
2.31050171503199
1.1393760003093
9.72957481573099
4.74514293123488
0.956636467892525
1.98929550389139
3.19612091787415
3.15267391003081
3.81910140172659
5.00440547317968
3.16327920922703
4.6005614642239
8.29615377838969
2.24474781203763
0.427855101022887
2.13814506519213
8.03653704160274
15.1684214547211
6.12027028466811
9.85445151808877
2.53149751473428
3.20875956719119
5.29225998155531
5.29889068937677
2.4462884120107
6.18747466808027
2.41147298950256
3.09216695772271
12.6497092938693
5.70289311892534
6.5793954176535
0.34909479461099
1.53969386381155
1.06871905740495
1.8525145324427
8.08700728711245
11.911311092445
1.50846005379476
4.91987476898219
3.24727314860934
4.73324937395114
7.41722177216904
1.68429473543097
1.11545825220829
3.63676094287542
1.17051455929777
1.53740667167739
1.89122623942649
8.42248945269778
1.34720755589075
8.29433998327001
10.6484309822106
5.68653643853746
1.6866182920101
0.198545006927838
2.29103558313068
2.11990759936441
2.84058131132298
1.46998074871451
3.41857811927108
2.35308202553493
7.70145452667516
3.69633158675206
1.74779069707735
1.93913595163819
2.06020798395461
2.84168608145045
4.6903618624906
1.87962989597408
1.37040678230285
2.12598398849066
8.55067489940157
6.23001960338858
4.75076778757467
2.78368688594763
3.52510984870401
1.27011530195415
7.33971357275244
3.4512545472743
1.94342947543465
1.12011607075668
2.77939657996562
2.18025259686515
0.527087785841374
1.48768057318582
12.0144233522431
0.877808392806236
1.2054964247207
0.663699946878376
3.32840778055078
4.25719340774444
3.51266927002132
3.6283221506179
4.82463955930317
3.97027380601668
3.64432315521182
5.62493655570438
12.4102768987818
2.26570844360194
2.8613526571413
9.54271257571107
0.833284187383421
2.17870626148663
3.39704805715052
3.49769048428805
10.0714826056163
1.65332546155377
5.02180748631138
2.4982602018414
7.68475250359206
5.60425945004785
3.68362113667185
3.64156688341847
11.6657569439458
1.64113697999556
4.18022632137205
3.50353541040824
2.00398532513841
6.27949095387548
6.75366032980654
4.34682299930495
2.75051566452393
2.19342085353324
4.41116896104926
2.90197648166768
0.135837373057984
5.40334053280843
0.967045353558717
1.18364211998429
1.08625079854402
8.43554712360463
2.72815534406904
2.92519464347706
3.56964707127336
2.07675027289516
3.38428445330715
4.92333013122218
6.1693314361018
4.1348934439315
7.46753952796961
5.03657463626366
4.96541000311881
3.54591323330579
4.5213723723693
3.69984055243795
4.82964592845331
2.19149240359556
2.07564909568063
2.4439739180059
0.866061959506966
3.35541276968108
7.25911919926867
1.32163396912515
0.30978451338836
4.90300829733042
11.7019882636435
4.93535861649088
1.72387159391004
2.01242858174257
7.61346383351487
5.84365237677735
2.73133641960995
1.64955480940508
6.17151365409583
1.61740460709737
9.48967201052578
13.0411455833278
1.26020432118057
1.00912903716241
0.55737302699988
2.45054709045391
1.27882305845935
1.34740504424933
12.8571042532806
4.02862066997024
1.3471243878075
2.60627321071526
0.819021569257117
2.93490535614908
3.15937752338111
2.93852277738055
0.906078922018285
2.14244232095028
3.08363859038636
5.94917352037232
1.45942903937206
1.69529424462325
5.84409221392912
7.0606540655307
5.96458630055387
0.99133651587226
7.8050452835184
0.915539349953637
5.83461817032397
3.67644958006411
6.9781034604589
4.36375764392239
1.62783879468677
3.81624789246193
2.48088242557502
8.86626094743398
1.78945248904842
4.59376773811283
3.16124631200878
14.4624807107171
2.95163314115098
3.53228282342006
13.5851858845404
2.73514894804766
1.49163462942624
