34.1224
106.3044
501
536.7716
627.3272
713.15816
787.44
1088.753281
1096.974773
1115.473129
1219.680535
1271.68147
1294.290571
1306.4
1314
1315.871987
1342.06024
1438.166674
1466.941895
1543.607304
1556.5064
1572
1577.520957
1595
1598.896835
1631.371727
1640.5
1670.629349
1704.8076
1730.029626
1775.24783
1796.623708
1822.521407
1837.36
1890.348712
1896.68048
1932.627733
1954.065272
1954.065272
1967.2876
1991.061985
2000.311163
2001.338849
2002.7224
2042.651844
2063.000036
2083.553765
2085.403601
2095.886002
2099.84
2149.325698
2202.765393
2202.765393
2213.861312
2217.153004
2233.595987
2236.884583
2249.54568
2253.738641
2276.758818
2315.3
2317.866276
2351.163317
2383.3184
2393.8176
2439.133277
2443.244023
2461.742379
2471.589447
2475.30784
2489.489913
2494.628345
2496.683718
2515.182074
2521.348193
2523.403566
2550.945562
2553.206473
2573.960618
2576.843261
2617.12857
2630.899568
2635.626926
2661.5472
2664.196609
2672.418101
2679.098063
2689.477696
2689.888771
2691.533069
2700.165635
2700.9192
2704.276381
2719.691678
2754.42748
2770.048314
2772.103687
2778.886417
2785.669148
2795
2796.562624
2826.488853
2831.298426
2832.737187
2833.559336
2837.875619
2841.986365
2848.563558
2856.168438
2872.816959
2916.185327
2919.062849
2937.008896
2937.008896
2937.895409
2943.727324
2945.0256
2947.838069
2955.5248
2983.334359
3014.411598
3018.748435
3021.831494
3028.614224
3043.001835
3047.3928
3052.662087
3069.105071
3070.132757
3090.686486
3096.235993
3131.3864
3137.960063
3141.8856
3160.452446
3164.67991
3174.956775
3179.88967
3184.000416
3214.00886
3234.562589
3236.617962
3236.617962
3240.280853
3242.270237
3255.219087
3256
3264.72624
3270.531615
3280.216163
3286.2496
3304.445268
3337.125697
3341.955823
3356
3360
3370.833812
3373.30026
3376.794394
3388.715557
3405.15854
3407.705209
3411.324658
3412.24
3412.352345
3431.878387
3432
3440.099879
3440.099879
3444.210625
3448.321371
3467.436339
3493.539574
3507.965635
3522.314795
3526.425541
3538.2304
3542.95504
3549.856792
3560.441962
3561.161343
3563.422253
3620
3625.08344
3642.656878
3646.664855
3649.747915
3650.775601
3666.8456
3684.894791
3711.409102
3726.146125
3739.958231
3743.621
3752.722097
3760.738051
3779.712
3782.3368
3784.37484
3784.785914
3795.679391
3808.62824
3831.965115
3832.208
3848
3859.395951
3872.755874
3879.333068
3884.060425
3888.171171
3904.614154
3904.819692
3919.001765
3923.112511
3930.614622
3933.389375
3933.389375
3935.444748
3952
3972.030386
3974.496833
3976.346669
3979.1968
3994.845025
4014.782142
4023.825783
4034.596712
4050.031787
4077.265478
4079.320851
4080.143
4087.645111
4101.929953
4102.957639
4108.096072
4112.823429
4128.8104
4132.760546
4138.926665
4148.8
4160
4181.3064
4188.255615
4190.310988
4195.243882
4195.44942
4219.086208
4225.704509
4236
4242.517459
4243.750683
4250.944488
4295.135005
4296.162692
4305.41187
4322.966856
4324.115763
4324.732375
4336.242463
4366.661982
4374.776412
4385.571413
4385.571413
4385.571413
4398
4409.40152
4415.37432
4431.508997
4449.287973
4461.825748
4474.774597
4482.173939
4491.012043
4501.532
4503.549817
4508.893787
4514.656
4515.059906
4517.115279
4523.425273
4531.502889
4535.613635
4547.32926
4551.234469
4551.645543
4555.756289
4556.47567
4556.578438
4562.333482
4563.2148
4563.977781
4570
4572.610347
4593
4603.14601
4610.018134
4622.350371
4628.105415
4636.943519
4682.572797
4695.932721
4697.988094
4697.988094
4707.442809
4713.35336
4714.431077
4718.75202
4734.024741
4739.301089
4755.538535
4758.416057
4764.171101
4771.981518
4774.632949
4777.136
4783.902681
4784.72483
4791.299081
4805.721679
4808.97823
4811.033603
4817.199722
4830.97072
4836.725765
4840.219898
4843.714032
4845.3808
4856.868419
4866.3792
4871.667104
4880
4883.116524
4887.144062
4890.16546
4892.631907
4908.663816
4918.529606
4920.790516
4924
4948.332513
4970.923549
4977.929883
4992.111956
5012.460148
5016.25528
5020.681639
5023
5023.764698
5024.895154
5032.191727
5039.899376
5040.577649
5043.290741
5043.290741
5045.346114
5053
5055.417441
5057.678351
5063.84447
5085.425885
5088.303408
5115.228793
5117.284165
5118.311852
5127.56103
5128.794254
5129.616403
5134.754835
5146
5161.474683
5167.435264
5176.06783
5177.095517
5185.93362
5187.166844
5189.777168
5195.388336
5195.388336
5200
5200
5209.056565
5210.803632
5217.524702
5229.096451
5235.673644
5244.717285
5254.99415
5262.187955
5270.409446
5289.935489
5290.963175
5297.129294
5310.489218
5319.05479
5319.68216
5321.793769
5324.8
5327.137738
5330.015261
5335.153693
5340.266902
5343.259108
5347.48593
5356
5357.873
5372.150405
5372.150405
5380.371897
5382
5397.904227
5399.281327
5418.396295
5421.78688
5425
5430.7112
5433.811592
5436
5456.831768
5469.780618
5470.808304
5476.23654
5484.168228
5486
5490.96
5494.260109
5494.65063
5495.472779
5497.528152
5509.860389
5510.065927
5518.205203
5518.90403
5534.935939
5535.552551
5540
5575.0752
5575.632322
5577.551892
5586.731336
5592.075305
5593.102992
5595.91538
5596.186051
5598.241424
5611
5611.62
5615.917631
5615.917631
5617.767467
5621.877554
5635.238136
5638.321196
5643.459628
5663.396745
5687.650145
5695.460562
5697.92701
5697.92701
5701.010069
5703.6904
5720.1
5721.974873
5722.797022
5728.552066
5740.34
5747.255959
5748.283646
5758.56051
5763.287868
5764.726629
5769.865061
5769.865061
5779.114239
5796.790446
5813.955421
5828.378811
5830.498562
5834.609308
5836.66468
5837.692367
5848.996918
5851.052291
5851.948846
5855.163037
5859.47932
5860.918081
5869
5871.60602
5873.88
5874.771294
5884.965944
5893.187435
5902.436613
5916.577579
5920.153928
5922.106532
5924.018029
5927.491609
5929.156461
5929.97861
5932.157186
5936.555803
5944.571758
5952.46439
5955.37539
5956.902997
5988.762275
5993.181327
5999.03914
6011.371377
6015.482123
6015.482123
6019.592869
6023.909152
6031.925106
6034.4152
6039.118911
6039.805222
6044.257343
6047.340403
6048.368089
6049.601313
6051.656686
6053.712059
6058.644954
6058.644954
6061.93355
6063.988923
6068.921818
6082.020138
6086.084182
6093.586293
6097.4104
6097.491501
6112.084649
6112.084649
6113.448384
6113.934485
6132.678037
6133.666064
6133.666064
6133.666064
6138.804497
6147
6156
6165.524344
6165.524344
6166.44997
6171.690463
6177.651045
6189.777745
6198.410311
6204.57643
6207.55672
6211.770235
6212.797921
6214.853294
6217.730816
6218.96404
6236.722462
6238.716173
6244
6244.3992
6255.241371
6259.043811
6259.322785
6262.126871
6262.45573
6267.448317
6267.881915
6269.320676
6270.931887
6276.925556
6279.59754
6290.079942
6291.929778
6295.218374
6306.522925
6309.66042
6314.202176
6317.621939
6325.843431
6336.120295
6339.203354
6340.231041
6341
6341.258727
6351.024038
6357
6357.907248
6358.52386
6360.78477
6370
6375.994529
6385.243707
6389.559991
6391.388
6399.836855
6400.659004
6400.864541
6409.086033
6411.141406
6418.27355
6418.335211
6418.335211
6422.034882
6430.667449
6431.036125
6434.778194
6440.944313
6449.1336
6449.1336
6455.331923
6456.770684
6458.414983
6458.414983
6461
6461.292505
6467.355855
6468.280773
6470.74722
6475.885652
6478.968712
6482.051771
6490.4788
6494.384008
6503.633186
6512.23609
6526.332129
6537.957914
6538.780063
6544.054258
6551.93445
6556.937943
6558.100568
6579.681984
6584.820416
6586.464714
6591.765249
6594.069594
6599.208026
6605.374145
6615.239935
6615.65101
6618.528532
6620.481136
6621.138855
6625.516799
6639.257029
6639.287798
6640.315484
6641.343171
6646.481603
6646.481603
6655.730781
6658.81384
6661.8969
6662.924586
6667
6668.80747
6673
6689.357225
6693.24
6694.13642
6724.174699
6730.751892
6730.751892
6731.368504
6741.028756
6745
6750
6760
6761.582485
6764.665545
6767.954141
6768.776291
6781.519603
6783.574975
6788.302333
6794.673989
6797.345974
6799.606884
6799.660207
6800.634571
6805.567465
6806.389615
6806.8
6806.800689
6807.622838
6809.472674
6810
6810.089286
6820.160613
6820.407258
6821.085531
6832.287313
6833.520537
6839.481118
6839.96322
6839.96322
6843.797401
6870.517249
6871.544936
6876.683368
6883.44805
6883.44805
6883.44805
6883.671636
6894.26
6901.12416
6903
6905.8488
6913.68008
6919.02405
6923.278671
6928.273228
6945.168393
6954.4076
6955.609687
6976.976357
6977.602177
6979.3432
6979.452013
6984.795982
7000.114666
7003.931504
7005.417694
7009.049383
7009.398796
7011.310293
7016.304849
7027.342201
7037.619066
7040.085513
7044.812871
7045
7046.251632
7049.334691
7055.233612
7057.556183
7060.569185
7065.880443
7070.299495
7078.557056
7079.137598
7079.137598
7080.398
7080.66048
7090.586026
7092.497522
7093.525209
7096.978235
7100.924551
7106.885133
7116.28558
7118.189684
7121.683817
7126.332
7129.494235
7137.393038
7139.771099
7159.297142
7173.48
7175.534587
7176
7176
7189.223371
7192.084279
7197.465416
7210.681464
7213.558986
7218.2
7223.902447
7232
7232.673954
7237.401312
7238.428998
7240.872137
7241.8232
7246.239415
7246.65049
7255.426932
7255.899668
7257.749503
7260
7262
7263.093473
7263.093473
7277.994927
7280
7282.5076
7286.200617
7290.327164
7294.951753
7301.117872
7307.695065
7314.477796
7317.766392
7324.194041
7327.1292
7337.086897
7346
7357.640626
7362.779059
7362.881827
7365.862118
7367.917491
7372.53824
7388.676757
7391.965354
7399.570234
7406.352964
7407.997262
7409.97042
7424.234708
7427.523305
7428.550991
7428.550991
7429.578678
7429.578678
7433.4336
7437.389095
7437.80017
7445.35085
7450.132407
7458.97051
7466.57539
7474.036394
7476.852255
7479.935314
7480.346389
7480.68
7486.101433
7488.156806
7493.706312
7505.627475
7510.265959
7511
7513.232355
7514.876653
7515.41105
7522.993226
7525.153518
7538.102367
7543.651874
7544.766977
7546.734933
7550.660695
7555.778574
7556.600723
7562.15023
7563.177916
7568.932961
7570.782796
7578.593213
7587.842391
7594.053802
7595.114407
7600
7601.61339
7603.360457
7606.340747
7608.39612
7610.245956
7612.712403
7613.945627
7614.562239
7618.220931
7625.044641
7637
7644.262377
7648.064817
7669.379034
7672.997781
7684.033843
7685.478004
7686.186946
7696
7696.324973
7700.476826
7702.943274
7708.081706
7709.659812
7712.192452
7714.2872
7715.275511
7717.330884
7723.124998
7726.991137
7736.447131
7741.995359
7756.382969
7763.371237
7772.023421
7774.675788
7781.458518
7785.774801
7786.185876
7795.435054
7803.34824
7806.739605
7808.794978
7812.494649
7813.93341
7817.01647
7822.154902
7829.348707
7832.431766
7833
7837.570199
7843.736317
7847.847063
7850.930122
7850.930122
7851.957809
7852.574421
7856.068555
7857
7858.946077
7862.645748
7867.373106
7871.483851
7875.183523
7875.594597
7875.594597
7879.823374
7889.982208
7890.393282
7891.009894
7892.03758
7893
7893.065267
7903.593763
7904.369818
7918.757428
7920.812801
7920.812801
7925.540159
7925.951233
7930.061979
7934.172725
7938.102694
7941.36653
7945.392402
7947.532649
7953.698767
7959.864886
7963.975632
7964.205156
7972.197124
7981.691358
7987.406883
7987.61242
7989.87333
7996.861598
8000.869575
8007.138463
8009.193836
8014.94888
8022.820958
8023.889752
8048.245921
8048.245921
8050.283848
8050.301294
8051.345969
8060
8060.578158
8070.649485
8074.699047
8075.445976
8075.993455
8076.815604
8077.021141
8080
8091.223768
8099.630243
8103.740989
8107.947058
8112.990167
8119.156286
8144.231835
8146.90382
8147.931506
8148.137044
8156.913486
8165.813251
8166.65869
8168.559079
8171.979369
8176
8176.850603
8182.872846
8187.489074
8189.376
8192.122024
8192.738636
8194.177397
8198.288143
8200.549053
8208.565007
8210.707277
8214.525588
8220.280633
8225.00799
8233.229482
8245.561719
8249.672465
8249.672465
8256.660733
8257.893957
8260.83749
8262.420549
8265.087762
8269.712351
8274
8276.392313
8276.743
8279.475372
8282.26156
8283.524457
8283.528007
8289.341162
8291.602072
8303.11216
8303.580093
8307.222906
8307.491275
8315.444398
8316.472084
8316.472084
8317.29994
8317.386821
8326.748949
8330.859695
8335.24128
8335.381515
8339.51456
8344.219618
8356.551856
8358
8359.634915
8366.174678
8366.212108
8372
8372
8375.050212
8382.92229
8384.916002
8389.437822
8391.003747
8392.231416
8396.220553
8400
8405.417086
8406.908492
8409.991551
8413.074611
8414.102297
8416.568744
8418.213043
8419.137961
8422.734863
8424.379162
8427.715768
8437.739085
8443.944688
8468
8470.213977
8478.846543
8489
8490.151094
8496.52275
8505.50473
8505.566391
8515.154163
8515.720068
8516
8516.870942
8516.870942
8518.926315
8519.954001
8520.812364
8521.886052
8534.691025
8539.480044
8564.570536
8565.973801
8568.255265
8569.817348
8577.235193
8578.532129
8580.41701
8581.615188
8583.930646
8592.083671
8598
8611
8613.473468
8623
8623.358081
8623.750333
8632.999511
8644.304062
8654.659402
8660.747045
8693.633011
8695.688384
8700.621279
8707.834791
8710
8712.356346
8714.18674
8716.242113
8727.546664
8729.602037
8732.068485
8732.685097
8733
8745.017334
8757.349571
8768.654122
8774.203629
8778.930987
8778.930987
8780.98636
8787.765404
8792.42882
8794.860127
8798.045955
8814.900013
8815.631908
8816.955385
8820.655057
8824
8830.315309
8840
8842.434928
8850.869038
8857.035157
8863.61235
8868.154724
8870
8874.536831
8875.592204
8879.644259
8879.644259
8886.632527
8891.422798
8898
8899.992451
8909.989888
8911.502539
8912.324688
8912.530225
8914.507774
8925.890149
8930.893744
8934.65928
8938.222387
8938.633461
8940.277759
8941.305446
8947.454541
8948.499251
8949.3214
8958.776116
8962.146927
8964.942234
8966.997607
8968.025294
8971.631138
8980.768606
8985.639839
8986.729187
8989.606709
8999.883574
9009.132752
9012.507731
9016.943169
9020.231765
9020.437303
9023.977634
9038.113509
9042.416809
9043.046404
9045.718389
9051.267896
9057.228477
9058.461701
9061.853066
9067.23498
9067.23498
9074.904684
9078.729057
9091.347668
9100
9108.818337
9116.012142
9120
9125.26132
9137.802589
9143.040296
9143.759677
9144.581826
9147.841006
9162.258033
9176.1318
9178.701016
9184.867135
9205.923922
9207.815664
9208.298386
9214
9215.492191
9222.891533
9223.91922
9236.04592
9238.30683
9241.384451
9246.528322
9250.639067
9254.962171
9257.832872
9258.692567
9265.026678
9265.026678
9265.568227
9266.054364
9270.171059
9271.695478
9277.828739
9288.457929
9302.434464
9310.244881
9315.2
9317
9317.793449
9322.014941
9325.454641
9330.469751
9330.616794
9331.2919
9339.225639
9340.931599
9346.830519
9350
9351
9358.714504
9358.751682
9359.573831
9360
9362.083337
9367.795323
9367.898091
9370.713952
9381.155246
9383.498372
9383.827231
9388.349052
9389.8
9401.010149
9406.628772
9411.98584
9425.441485
9435.006016
9436.650315
9438.10596
9439.15787
9446.927179
9449.052996
9454.120984
9457.409581
9464.397849
9464.397849
9466.864296
9474.407515
9477.038392
9480.871164
9484.881607
9487.006951
9497.840854
9506.532993
9514.34341
9558.945002
9560
9562.439136
9563.598401
9568
9573.332613
9591.00882
9591.00882
9591.625431
9595.416569
9596.969401
9597.586013
9603.13552
9609.507176
9617.52313
9626.174131
9634.788262
9634.9938
9641.920406
9654.005999
9659.000555
9659.734269
9663.152408
9665.824393
9676.101258
9679.184317
9685.76151
9688.433495
9688.433495
9702.821105
9703
9706.931851
9719.264089
9721.319461
9723.145991
9724
9731.596326
9744.5338
9750
9754.205428
9756.62862
9764.901344
9768.593038
9781
9791.24
9799.423632
9807.908624
9809.700496
9809.700496
9833.337284
9837.036916
9839.297866
9844.991249
9854.9187
9858.811798
9861.957064
9862.112505
9863.749786
9864.188244
9871.772758
9875.883503
9879.583175
9886.022503
9887.804666
9896.628559
9901.16459
9918.63526
9924.431411
9927.386122
9931.995184
9936.105929
9940.011138
9941.637136
9958
9960.508732
9963.647926
9963.934591
9964
9986.996962
9988.517938
9988.929013
9989.113368
9994.416859
9994.889594
9996.73943
10002.0834
10014.35578
10016.45031
10023.70592
10037.43581
10039.66851
10044.01301
10047.05612
10053.26218
10058.91211
10069.54462
10078.95435
10088.44888
10097.4527
10098.06931
10102.0457
10102.99089
10106.08527
10109.78494
10110.81263
10125.20024
10126.15941
10127.05007
10138.70404
10139.86473
10149
10153.97546
10157.368
10158.0862
10159.23451
10161.49812
10161.77996
10179.05101
10182.75068
10201.14057
10221.80276
10227.38107
10233.10731
10234.75161
10236.72
10240.71219
10244.41186
10246.67277
10260.64931
10261.88253
10265.51831
10268.7448
10275.85907
10282.40428
10286.54701
10289.73647
10295.06875
10296
10296.4128
10296.7211
10321.242
10325.59909
10335.71928
10341.01439
10346.15282
10350.26357
10360
10371.22837
10373.90036
10384.50714
10387.26028
10387.26028
10387.26028
10392.16306
10394.45409
10400
10403.70326
10405.5531
10409.86938
10410
10412.33583
10413.06887
10417.62072
10428.04574
10429
10440.69998
10441.31659
10446.8661
10450.97684
10459.19833
10460.02048
10464.79971
10465.36445
10476.87454
10482.42405
10484.89049
10487.56248
10492.49537
10494.13967
10497.01719
10500.30579
10503.38885
10504.72484
10512.84357
10525
10529.31246
10540.38556
10548.901
10572.24384
10586.41667
10587.65914
10595.85246
10597.52493
10603.54717
10620.12361
10623.8337
10633.90503
10638.01577
10639.14623
10639.80184
10642.12652
10643.15421
10644.18189
10644.22666
10647.88156
10648.55348
10660.62488
10669.0108
10672.95711
10681.17861
10681.17861
10683.44598
10687.34472
10689
10690.42778
10696.5939
10697.62159
10697.72436
10698.59782
10699
10699.507
10704.11657
10707.89845
10709.08204
10721.77972
10722.16274
10733.47066
10736.67367
10738.74941
10760.516
10766
10769.89052
10788.058
10791.1205
10806.62816
10826.5053
10834.89268
10842.52538
10853.21332
10856.2
10862.05142
10874.9424
10875
10878.28887
10878.4944
10893.80994
10894.93739
10908
10909.325
10920
10921.65724
10921.65724
10933.90084
10935.63377
10937.63804
10939.73488
10942.21096
10943.23865
10954.44043
10966.87544
10966.89418
10981.90544
10982
10992.97867
10993.59529
10996.34967
10998.11711
10999.35033
11003.87215
11007.16075
11008
11010.65235
11012.50472
11015.1767
11028.9477
11034.70274
11040.86886
11043.23254
11043.95192
11044.56493
11045.18515
11045.59622
11045.80176
11060.39491
11072.88447
11074.1017
11074.1659
11078.47752
11087.68865
11094.30856
11108.42897
11127.19453
11135.41602
11140.83291
11149.80363
11149.9208
11151.44793
11154.32545
11161.52991
11162.75248
11164.19124
11175.49579
11182.08255
11187.95135
11189.8834
11193.19109
11197.64669
11201.18795
11216.51829
11217.08253
11221.68616
11229.96317
11232.22408
11245.24505
11249.48921
11249.90029
11249.9613
11270.76232
11282
11284.63609
11285.86931
11308.29461
11312.17809
11317
11322.45495
11324.51032
11325.53801
11327.59338
11342
11345.06405
11346.70835
11347.5305
11352.75115
11357
11362
11362.53472
11367
11367.38
11370.34514
11371.7839
11371.7839
11372.60449
11372.81159
11373.78159
11380
11380.07212
11380.41579
11381.03308
11387.84003
11390.55634
11391.30994
11392.2
11392.33763
11392.33763
11400
11403.75909
11404
11413.62162
11414.94673
11417.53699
11429.20365
11434.26724
11435.50046
11445.42522
11462.22031
11467.92525
11467.92525
11474.26479
11477.8617
11480.72063
11482.23393
11484.00726
11492
11500
11500.30461
11506.41083
11509.28835
11526.8512
11545.83288
11546.74101
11547.81964
11549.57366
11550.96491
11553.6844
11557.79515
11566.01664
11587.23389
11604.20358
11621.01842
11631.6934
11631.6934
11631.78857
11653.36999
11655.11705
11658
11661.47628
11665.2429
11668.37421
11668.49301
11669.81297
11669.97861
11670.84066
11673.92372
11677.00678
11680.08984
11686.71611
11691.39439
11693.86083
11701.77929
11709.27613
11710.03662
11710.92043
11714.50656
11733.73507
11749.11666
11751.0002
11776.69236
11786.85986
11787.99691
11813.79184
11819.85519
11820.78011
11824.80954
11827.049
11837.2661
11841
11841.84768
11850.06917
11855.5671
11856
11858.4551
11858.8
11865
11870.21183
11871.23951
11885.26881
11891.70206
11891.79324
11896.93168
11898.98705
11901.04242
11905.3587
11908.23623
11914.40235
11918.65697
11922.38526
11925.7069
11943.17757
11947.49385
11949.34369
11949.34369
11951
11960
11960
11962.99475
11966
11969.94555
11970.41126
11988.39577
11994.21912
11997.61792
12001.96123
12010.41552
12013.31901
12017.17099
12023.33711
12028.8
12035
12035.14055
12036.69703
12036.78148
12044.91852
12062
12064.44457
12069.80943
12070.61069
12073.28267
12080.0654
12081.25675
12081.4761
12085
12088.08136
12096.26174
12098.44578
12106.78525
12107.6074
12115
12118.75313
12120.40335
12120.96732
12135.23737
12137.41031
12140.08229
12150.55273
12154.88098
12154.88098
12164.20333
12173.37933
12178.7233
12194.54967
12197.29423
12200.09918
12205.58702
12208.73174
12232.98515
12235.26391
12245.93399
12247
12254.05193
12257.8
12259.70499
12259.70499
12266.50533
12276.76459
12277.45143
12278.20335
12289.5079
12318.40981
12321.17296
12324.65478
12333.90023
12337.39809
12344.50628
12356.30752
12367
12372.04262
12374.60034
12376
12385.28828
12386.84686
12394.43469
12395.77068
12415.46115
12419.11225
12422.69606
12422.70052
12429.7871
12434.86988
12435.8
12437.20321
12437.92992
12438
12449.41591
12457.95389
12471.4084
12495.59313
12512.51586
12517.24322
12529.78099
12531.17287
12551.56794
12553.44559
12568.40766
12569.44969
12574.17705
12586.80584
12589
12590
12592
12592.6754
12602.44557
12602.95227
12612
12620.42294
12634.13227
12645
12671.19065
12678
12683.93396
12689.27793
12691.74438
12694
12703
12706
12723.39712
12724.21927
12727.38491
12730.3546
12740.66225
12748.88374
12752.2276
12761.21598
12763.27653
12763.47689
12771.91877
12776.42574
12792
12796.15732
12812.39508
12814.65568
12822.87717
12824.79764
12826.98791
12831.09866
12849.58953
12851.2
12859.43512
12863.77909
12866.04
12874.8781
12876.31686
12881.2
12891.77877
12896
12900.26362
12902.66674
12903.03671
12906.73638
12917
12917.42432
12918.50865
12923.97842
12929.75656
12931.81193
12941.94399
12942.60264
12952.36566
12954.42103
12964.90343
12974.72198
12979.93741
12982.27134
12993.59691
12995.52849
12995.71812
13000
13009.31991
13020.19297
13021.01512
13022.94939
13024.30371
13030.46983
13034.58058
13039.51347
13042.86941
13044.03529
13047
13053.35363
13055.11204
13059.24505
13066.02778
13069.52192
13081.66103
13085.75936
13090.07564
13105.49094
13108.574
13111.65706
13128.93019
13139.48742
13141.45997
13150.85302
13156
13157.24006
13172.33167
13179.6899
13182.56743
13190.69691
13191.74534
13194.07751
13224.70257
13229.48853
13233.1296
13241
13241.66989
13243
13248.10767
13260
13263
13265.13488
13267.23316
13267.45433
13273.29158
13285.05489
13286.36376
13288.00805
13300
13306.91749
13312.31387
13315.45913
13320.27741
13324
13325.4
13327.06014
13329.08862
13335.11191
13344.6
13346.99726
13349.27872
13357.38463
13370.53128
13370.63405
13371.37398
13371.86424
13373.7171
13375.77248
13385.8438
13389.08754
13392.62654
13393.24315
13397.82981
13400
13404.22436
13406.17249
13429.21217
13450
13451.6891
13458
13474.4
13479.56881
13486
13521.7785
13528.69222
13540
13572
13575.16773
13590.71786
13593.64201
13603.91887
13604.8236
13604.8236
13622.21169
13625
13625.79204
13628.78888
13630.63872
13633.72178
13635
13650.57583
13657.53602
13659.41394
13666.23298
13669.6908
13682
13686.13379
13693.59661
13694.9879
13711.62552
13724
13728
13732.19186
13732.73109
13743.35019
13745.5381
13748.6
13753.96109
13754
13769.993
13770.40407
13774.66797
13792.6021
13795
13800.23582
13800.82359
13801.23467
13812.26931
13824.87146
13836.9365
13861.12823
13882.4219
13884.68281
13889.99439
13891.7796
13892.09123
13903.62387
13947.16614
13954.48337
13956.41532
13959
13964.22574
13964.32896
13967.23285
13976
13980.66872
13994.43972
14002.25014
14008.17223
14009.85502
14020.13188
14021.15957
14026.298
14041.7133
14043.97421
14066.12928
14072.54389
14075.62695
14077.54071
14085.84215
14103.37448
14112.62366
14116.1178
14117.76209
14120.79552
14124.84092
14133.794
14140
14145.06909
14153.73112
14165.03567
14165.61655
14167.09104
14176.40188
14180.93191
14181.47865
14181.68419
14189.70015
14196
14199.97701
14207.66625
14239
14247.66312
14255.89367
14262.97848
14263.15917
14280
14287.33036
14288.15251
14290.41342
14316.10558
14332.92547
14338.85856
14340.81585
14348.4777
14360.2961
14373.4448
14378
14399.52748
14404.8
14406.86643
14425.14311
14427.93842
14433.41656
14434
14437.37258
14461.00937
14461.00937
14473.13607
14482.79632
14488.7569
14488.7569
14492.66211
14494.35384
14494.35384
14495.41444
14498.00608
14511.366
14514.44906
14519.5875
14522.99019
14527.10281
14533.7255
14542.11287
14561.72264
14576.9324
14583.30406
14587.20926
14588.24344
14591.11447
14597
14602.08261
14611
14621.32846
14621.32846
14630.16656
14632
14643.73202
14662.43591
14663.36576
14663.4636
14679.49551
14684.01733
14684.22287
14688.44466
14706
14709.70949
14724.5383
14737.04595
14747.73389
14752.081
14769.3153
14779.18109
14780
14796.03515
14802.29795
14805.11128
14813.59612
14835
14837
14838
14850.69141
14860
14869.22054
14879
14890.18898
14896
14910.81822
14924.7869
14928.98059
14939.70572
14940.11679
14960.46498
14968
14976
14981.17181
14987.18483
14993.30238
14999.61984
15036.51378
15041.08069
15050.1174
15066.32387
15072.50467
15078.13635
15090.98116
15094.06422
15118.7287
15125.45487
15128.18077
15138
15139
15142.82931
15168
15176.27914
15184.6
15187.94082
15196.3282
15200
15209.24895
15214.71752
15253.99141
15272.88166
15282.33638
15287.54091
15288.29696
15308.50935
15318.09987
15325.1262
15326.30206
15335.34896
15340.52347
15351.46301
15360.64609
15377.70568
15387.1604
15389.97626
15392.29883
15434.35176
15451.62074
15453.75448
15455.29601
15464.03134
15464.03134
15471.22515
15473.28052
15481.19371
15485.61276
15510.89385
15534.96851
15542.30746
15545.41398
15545.53051
15550.69484
15555.04729
15589.87459
15691.56
15692.24577
15698.14119
15705.53766
15710.05948
15715
15719.22644
15719.92527
15729
15729.37999
15739
15748.18053
15755.41389
15758.87459
15768.14116
15775.42034
15788
15794.6563
15810.69423
15824.16738
15835
15844.27533
15846.3307
15847.84884
15853
15856.60757
15859.35027
15871.6
15873.05055
15879.62774
15884.56064
15890
15903.67561
15908.6
15910.70796
15913.13032
15934.71174
15939.85017
15955.88208
15968.05495
15982.67464
15983.013
15990.86834
15991.03208
15993.90648
16006.75841
16025.14815
16028.23121
16032.13641
16035.0658
16041.77741
16045.03004
16048.3119
16048.98952
16054.33444
16091.94776
16093
16119.59253
16121.54513
16122.77836
16133.18056
16143.10107
16149.11069
16174.50593
16186.03857
16192.4555
16192.66104
16194.83614
16201
16202.81332
16221.64179
16225.547
16243.63428
16253.29454
16272.03488
16280
16284.12513
16286.68708
16292.26371
16299.54043
16304.67886
16304.67886
16314
16324.2049
16324.57728
16325.17093
16328.72672
16333.45408
16336
16375.40424
16377
16386.34378
16389.43244
16404.11034
16407.24197
16423.59542
16425.12371
16436.66568
16437.25041
16462.12042
16474.04159
16484
16494.80085
16501.99466
16511.24384
16526.65913
16539.19691
16542.77925
16546.62567
16552.62483
16566.94444
16569.14354
16584.20957
16603.73562
16607.84636
16615.56504
16616.47893
16627.37241
16634.34382
16651.08072
16662
16666.42449
16670.6
16672
16674.79794
16692
16693.14434
16721.38516
16721.71402
16727.98923
16748.63941
16769.22779
16802.49806
16843.59524
16849
16854
16878.1279
16885.52724
16890.46014
16902.17576
16906.90312
16916.76891
16920
16921.20852
16928.94511
16945.9552
16946.98289
16956.62874
16983
16985.00729
16995.28415
17012.1951
17023.72775
17034.33624
17048.72385
17050
17050.51069
17054.88997
17077.19727
17083.04858
17083.66519
17106
17115.31793
17122.3062
17125
17126.95084
17143.271
17156.48761
17156.63093
17162.79705
17163.16787
17174.1016
17193.01103
17198.76607
17200.82144
17220.6
17234.95871
17248.09502
17258.9885
17296.31747
17316
17322.08845
17327.84349
17330.82378
17331.2
17342.07987
17342.84771
17351.88383
17364
17399.576
17401.42584
17402.62733
17415.83757
17460.6069
17461.23719
17476.24141
17481.88816
17484.95619
17494.46922
17494.73977
17501.80818
17506.04432
17509.23015
17516.06672
17516.07039
17535.84723
17538.09297
17546.77675
17549.20715
17549.82376
17550.23484
17559.01903
17567.64341
17572.43286
17578.61929
17580.43983
17592.53779
17600.35985
17601.61916
17603.67453
17619
17632.44975
17642.50418
17650.7161
17657.60369
17667.45885
17672.79612
17674.04942
17675.02195
17679.72333
17680.75102
17689.46214
17696.46345
17697.60507
17704.38781
17708.49855
17719.2276
17720.92838
17724.94153
17745.49526
17775.71891
17776
17778.62514
17779.40892
17787.63041
17795.36634
17805
17854.07797
17857.71862
17861.62383
17876.42252
17911.74118
17922.2254
17932.5342
17935.61726
17936.90331
17951.03255
17952.9887
17965.79304
18016
18018.68022
18045.43505
18057.90595
18062.28177
18063
18071.05628
18077.37834
18078
18082.47365
18105
18118.28031
18128.2057
18141.3456
18187.11268
18194.81512
18214.12028
18250.44191
18265.09353
18269.61535
18273.29159
18288.73032
18289
18339.05221
18340.33609
18341.5942
18341.75894
18348.59459
18355.22369
18367.4511
18369.8067
18382.04425
18434
18448.86442
18476.89045
18479.26339
18485.42951
18488.51257
18496.34129
18534.20057
18539.50359
18543.62166
18549.18176
18580.81611
18584.74513
18604.8831
18624.07168
18624.57428
18628.27792
18642
18642.38234
18652.26413
18653.01709
18670.79871
18691.76715
18715.37249
18717.56039
18724
18778.32015
18779.96444
18807.09537
18821.62468
18860.53506
18889.91891
18914.6
18923.42947
18925.34
18929.78753
18930.80736
18962.84638
18984.88512
19007.49422
19009.75513
19030.71994
19031.52528
19047.36846
19049
19061.86011
19061.96161
19090.32575
19105.12444
19116.42899
19143.14884
19152.02441
19162.67488
19217
19217.14226
19219.35178
19221.58
19229.43358
19229.4745
19232.76309
19241.14028
19243.86211
19252
19266.47121
19297.75506
19304
19326
19330.1748
19330.25615
19336.0184
19343
19348.07932
19348.68613
19362.75723
19363.07374
19400
19408.13958
19410.03347
19418.32359
19425.09971
19438.89714
19468.5941
19473.03619
19492.64358
19493.58991
19495.64529
19503.01958
19554.22342
19568.29103
19573.74946
19578.68235
19601
19608.6908
19627.18915
19646.06505
19650.02486
19653.06026
19653.909
19666.23756
19666.94006
19672.40736
19685.98789
19707.55423
19731.62429
19736.92732
19759.06074
19773.90167
19784.42518
19789.67467
19804.90721
19805.90815
19815.03723
19838.68702
19838.69163
19840.83766
19853.08496
19857.47313
19861.83659
19868.09663
19875.27266
19895.74918
19899.52606
19923.92869
19935.1
20008.46083
20042.49286
20053.27859
20058.69414
20061.90052
20075.15768
20079.87788
20098.59383
20108
20120.27311
20141.39247
20142.98285
20151.22751
20155.62553
20168
20170.71501
20180
20210.23778
20226.33035
20237.6349
20239
20274.83715
20277.83617
20298.75319
20304.43452
20308.33973
20311
20337
20337.9371
20342.08253
20371.23414
20375.85873
20403.09242
20420
20428.44217
20431.86764
20438.4382
20440
20453.24352
20457.5598
20461.25948
20506.61326
20517.11522
20521.89298
20534.89302
20575.45617
20584.99292
20589.41097
20608.17273
20626.51065
20631.23881
20631.86632
20638.92591
20653.55377
20656.09316
20660.70366
20669.09104
20690.49182
20730.71886
20732
20734.95719
20755.58888
20779.22566
20790.60379
20890.2158
20921.62377
20924
20926
20965.18428
20980.65221
20987.51557
20990.92907
21024.84272
21032.03653
21036.74351
21099.99248
21110.03845
21112
21128
21140.14914
21140.97129
21144.35095
21197.07081
21200.56304
21201.68942
21213.52596
21219.07546
21226.12
21244.76763
21247.81998
21260.18292
21288
21288.95814
21313.41708
21321.84411
21337.98428
21342.68419
21352.82
21416.5968
21427.14086
21436.34893
21438.38375
21450.71599
21462
21464.93917
21494.3508
21536
21542.07805
21544.85207
21572
21582.2666
21586
21590.48135
21618.96137
21626.0393
21628.39717
21629.44559
21673.47932
21682.56205
21712.36496
21720.46495
21720.58645
21732.50761
21746.07308
21775.05383
21785.3307
21789.85416
21799.61554
21813.45106
21825.37076
21837.74271
21841.01871
21873.4
21880.01845
21892.03051
21892.14843
21892.67183
21905
21948.16588
21956.55326
21960.10542
21960.87583
22062.80604
22073.8
22079.28196
22120.10709
22129.60566
22136.88184
22152
22165.78022
22200.18165
22200.61879
22214.08148
22246.32017
22247.75092
22262.48388
22294.03549
22311.69114
22335.0336
22336
22341.72014
22400.03576
22427.37822
22440.60748
22446
22446
22455.60213
22461.89266
22492
22519.55587
22521.77081
22554.25689
22561.23397
22568.11947
22608
22644.68211
22666
22671.62301
22678.39022
22686.94057
22711.58754
22713.09457
22735.94066
22737.18607
22744.9666
22778.99701
22822.22901
22860
22888.80814
22898
22944.53417
22946.61639
22947.88167
22955.32206
22959.97631
22963.50167
22965.13522
22969.43103
22984
22992.7338
23032
23045.2436
23075.63457
23100
23116.59573
23128
23170
23194.28882
23244.64546
23272.39299
23281.53773
23302.1959
23315.55582
23324.20195
23328.66506
23343.01797
23354.4409
23357.69097
23360.30244
23360.56499
23368
23370.63982
23449
23476.90259
23492.31789
23496
23519.73549
23523.30163
23549.55654
23584.32431
23628.8
23674.21839
23674.44236
23682.25587
23698.33432
23712
23716
23716.86738
23721.49197
23751.45172
23759
23786.23622
23804
23858.79088
23877
23877.70031
23891
23892.77901
23897.22635
23927.44033
23931.7803
23950
23960.25882
23963.07126
23982.76244
24000
24045.06933
24048.29626
24077.8
24096.17342
24096.53369
24107.9152
24117.351
24176.62236
24182.30657
24186.23794
24263.08166
24288.15828
24289.06964
24291.78154
24297.82128
24337.83441
24340.4855
24361.63332
24407.98652
24415
24423.34577
24453.44042
24485.98142
24506.31556
24535.20936
24545.08859
24575.49941
24581.80194
24604.31742
24628.2
24647.88665
24647.88665
24652.55534
24667.35904
24675.1115
24720.19365
24720.71303
24740.95693
24749.54946
24755.09418
24764
24793.58319
24797.77688
24806
24814.47057
24825
24830.57702
24834.4764
24842.32881
24853
24876
24883.48835
24890
24895.71295
24910.43569
24912
24966
24966
24971.69713
24973.13716
24980.5614
24983.74322
24995
25016.29654
25037.88136
25081
25096
25122
25126.79797
25129.44534
25205.40979
25225
25238.3522
25262
25264.04933
25266
25305.21312
25335.98738
25344
25351.77336
25381.92999
25400.95608
25411.10375
25418.2023
25420.21839
25420.21839
25438.1107
25564.62036
25565.16146
25596.34503
25647.68232
25723.42517
25728.77561
25747.16473
25766.5188
25800
25814.26073
25838.52606
25850.85829
25881
25892.32944
25900
25922
25941.2947
25975.94717
25986.88672
26018.14008
26037.01093
26054.83485
26109.4096
26129.19727
26152.3381
26167.36517
26245.48989
26265.01593
26349.80323
26363.31639
26405.87121
26422.25196
26436.63957
26490.6
26533.96371
26557.02899
26575.90059
26646.72847
26650.60389
26664.78596
26671
26671.97977
26758.29499
26837
26885.36858
26919.54943
26919.6522
26926.37467
26987
27004.26422
27037.08285
27038.75142
27090.68661
27116.88634
27157.7748
27209.92763
27233.09657
27233.09657
27275.56488
27307.50835
27315.0381
27319.88268
27343.34549
27371.83286
27389.8
27448
27545.7716
27581.87209
27587.34186
27664.39594
27675.03709
27675.69527
27695.64333
27701.72159
27783.22259
27819.32908
27858.12069
27897.4342
27907.13171
27965.83701
27973.03081
27974.0585
28066
28176.51273
28236.11854
28284.82845
28298.41215
28303.95192
28307.16379
28309.99058
28312
28312.08742
28341.6346
28342.38912
28382.05002
28390.08552
28400.15487
28467.97507
28489.69755
28510
28516.52971
28545.98498
28562.92284
28578
28579.36582
28583.1396
28616.26
28632
28648.15915
28729.8022
28761.15482
28798.34927
28824
28871
28962.10906
28977.54676
29008.93876
29018.23408
29037.73724
29044
29069.09727
29183.63997
29240.5256
29263.80499
29351
29363.38651
29372.67528
29375.51956
29409.28339
29409.4
29433.37326
29489.72839
29501.20056
29586.49854
29656.00944
29707.42529
29777.62767
29786.8974
29811.56187
29831.08792
29858.50987
29861
29868
29875
29882.45798
29916.58
29917.41358
30033.80603
30039.17387
30081.82376
30119.19553
30120
30133.22773
30270.53972
30335.68196
30342
30392
30405.36814
30413.78613
30443.58904
30509.29379
30552
30555.23987
30634.00458
30653.23708
30745.4
30775
30783.87632
30885
30892.61538
30906.04794
31010.72565
31035.53643
31227.52839
31322.10184
31449.48854
31513
31543
31619.65741
31638.5603
31676.54303
31680.92353
31711.54957
31765.19381
31790.05966
31862.04431
31879.86749
31888.25486
31932
31980
31984.70969
31987.85495
32016.76282
32059.42704
32196.82212
32200.93287
32221.33227
32242.6215
32248.68113
32254.98918
32305
32329.19903
32381.0132
32392.08255
32421.88546
32456.77312
32477.09879
32490
32490.53491
32539
32551.99056
32552
32558
32649.0684
32664.00838
32689.0429
32734.39684
32735.37984
32739.78321
32760.837
32771.02619
32841.60436
32844.41573
32847.48984
32847.56099
32883.31667
32943.34211
32950.60958
32964.46005
32981.75901
32986.00633
33012.80516
33030.85846
33060.64227
33078
33099.77758
33191.44341
33228
33299.42424
33313.91729
33320.10324
33347
33370.44005
33388.11626
33456.7
33494.018
33500
33635.58315
33667.427
33740.40717
33767.12702
33904
33955.25984
34008.16415
34068
34086.52435
34096.36994
34117.15508
34287.91626
34300
34322.28324
34434.8719
34586.39866
34605.46561
34671.49109
34803.06442
34808.20601
34938.76436
35019.011
35060.14368
35075.45904
35143.19918
35171.72702
35173.91493
35219.24797
35287.36207
35319.05277
35446.41895
35464.4223
35481.19706
35534.04468
35640.59942
35677.13391
35797.46888
35802
35835.91043
35965.2536
36015.10015
36108.81336
36119.09144
36183
36368.51302
36454.13267
36510.40488
36512.07753
36541
36559.95503
36587
36824
36824.34414
36879.54661
36910
36958.15439
37009.57024
37059.89214
37249.99998
37539.04413
37666.1085
37835.50574
38036.95868
38107.0469
38280.74514
38368.07926
38409.02033
38482
38496.86516
38560.41247
38583.47775
38625.34075
38635.27773
38662
38794.90366
38812
38851
38887.06091
38912.72254
38976.3129
39061.82851
39120.34574
39173.2
39254.97266
39330.65843
39393.90796
39424.3122
39449.47433
39461.34062
39473.15533
39532.22886
39554.54553
39639
39788.11463
39867.7947
40091.23951
40130
40150.86864
40207.48343
40228.19173
40244
40264.16076
40287.9
40550.33839
40573.67335
40609
40860.28938
40896.38987
40959.83922
41024.44319
41043
41180.4
41185.19381
41376.63581
41408.47565
41476.18565
41498.06474
41545.72917
41770.74909
41786.86867
41787
41810.25106
41939.47658
41941.79448
41983.5103
41997.04847
42122.49385
42148.96755
42260.19056
42313.76323
42373.52328
42454.1808
42475.742
42511.16288
42664.22002
42682
42682.30697
42774.70941
42836.92581
42916.55782
42959.58768
42983.65468
43015.37935
43025.35708
43133.62923
43193.27268
43247.29766
43254.84147
43290
43304.46835
43316
43448.96106
43490.15552
43504.77062
43792.0869
43816
43838
44000
44047.54
44089.64247
44263.82815
44324.54992
44883.61135
44992
45163.9056
45233.67382
45300
45500.51012
45508.15855
45530.02613
45617.37947
45773.23814
45888.54092
46072.56578
46378.19487
46408.61263
46436.17445
46487.29299
46665.41659
46860
46950.90541
46979.86973
47033.75907
47102.39262
47177.93172
47183.68342
47353.86975
47654.38502
47869.35141
48028.71155
48165.00641
48189
48774.13959
48805
49597.70237
49733.46924
49788.75877
49967.45893
50048.41155
50083.41808
50490.15639
50693
51156.58725
51257.23105
51288.95572
51362.25066
51412.57256
51414
51546.00313
51547.97014
51589.79315
51625.23446
51704.23808
51856.718
52062.67084
52214.01218
52830.71067
53206.65761
53459.65477
53612
54128
54426.41665
54914.83394
55275.45227
55378.17385
55394.56621
55809.17489
55866.71442
55867.15447
56084.7862
56218.99289
56526.59012
56540.8
56604.47967
57272.88574
57330.97671
57337.42905
57642.74129
57668.6474
57711
57806
59137.42145
59646.3272
59816.2047
60127.4079
60200
60416.62745
60588.66123
60871
60893
60952.94801
61167
61323.79852
61636.45066
61888
61933
62387.26
62967.5504
63001.92441
63061.72008
63136.47257
63255.99268
63339.86644
63906.49861
64783.97597
64960.78622
65090.28317
65520.29102
65521.61064
65641.58991
65816.66883
66074
67504
67660
67666.32676
68129.85634
68269.53055
70212.1772
72394.8
72646.32766
72915.33828
74393.68735
75511.60416
77104
77826
78384
78762.15406
80791.93065
81007.31824
84377.50229
84680.05185
87980.03735
89634.21781
89687
92814.367
93532.00102
94203
94801
96234.04439
96567.50489
97070.94318
100303.5781
100978
108747.862
111234.3695
116428.4645
117138.5929
117979.6917
120536.2629
123603.7108
127777.2199
130800.58
132921.6043
