141.2330297
208.7540867
238.3767153
257.0076243
261.0330159
442.6417362
475.4085112
480.4507118
531.9437898
612.1441783
635.0106515
655.081949
689.3804841
716.0301498
726.8176181
744.1794244
807.63478
877.0789926
886.0207307
908.9735879
918.1349621
938.0195523
981.6805883
1013.333553
1056.107146
1083.23057
1085.019291
1094.061135
1096.802046
1100.073593
1132.743431
1291.457602
1296.541831
1308.481751
1326.707113
1344.137629
1355.229144
1407.357553
1407.935758
1444.976522
1447.462471
1523.63112
1595.932127
1605.792326
1610.207012
1628.507828
1678.796485
1742.149172
1749.376771
1750.426951
1764.004117
1791.388624
1828.677099
1841.353579
1851.073617
1857.938417
1862.287514
1873.99594
1884.813869
1886.542972
1894.012376
1922.271912
1942.13314
1982.398164
1989.334806
1995.45897
2002.218313
2006.093644
2006.405854
2013.35067
2020.84232
2031.175264
2055.699826
2070.158217
2073.589123
2089.851635
2090.234383
2105.683259
2112.578973
2170.664068
2173.764826
2203.854245
2264.436377
2284.816673
2308.104765
2317.116617
2331.621764
2455.756304
2485.564672
2514.7313
2546.677729
2556.755866
2562.833156
2563.326798
2576.37857
2604.581027
2638.700273
2658.325746
2662.118197
2666.050818
2675.187433
2681.583245
2684.780363
2689.717483
2704.709991
2706.423351
2708.426158
2716.07976
2719.056614
2743.449309
2760.427447
2768.270861
2775.544925
2783.277926
2783.538173
2787.418877
2792.276544
2795.82883
2800.386035
2815.676037
2822.468207
2848.605881
2867.882831
2894.642589
2895.803956
2951.226837
2955.956665
2963.640271
2967.974436
2977.753579
2990.990478
2995.609101
3001.638911
3033.66293
3036.098709
3043.350896
3058.375668
3072.770882
3116.155828
3154.995322
3171.701278
3171.87718
3214.800538
3229.942106
3271.063454
3275.278042
3291.084301
3319.502179
3320.961011
3338.877682
3359.500377
3385.393645
3386.434341
3402.945253
3405.483007
3405.922825
3421.209982
3435.558817
3443.293072
3446.461486
3466.076174
3482.063233
3483.982195
3486.970458
3490.950366
3491.644566
3497.682385
3517.271506
3518.536847
3564.708681
3570.535748
3624.86593
3642.555828
3674.590018
3710.224322
3769.123073
3777.421353
3777.509215
3790.810685
3790.898418
3796.823236
3804.124792
3880.349347
3890.583742
3900.238141
3923.210705
3932.845252
3953.336484
3962.413889
3962.42761
3964.360126
3995.394812
4000.931363
4003.379219
4011.023027
4018.93805
4021.590443
4026.254367
4059.597515
4061.166729
4062.588637
4084.434045
4088.380586
4089.414639
4090.496449
4091.728304
4111.78759
4123.585206
4133.642634
4142.990314
4169.271076
4177.856825
4185.703429
4216.134164
4223.174722
4223.635078
4240.06774
4242.764769
4243.319629
4255.592202
4268.505661
4273.225001
4300.146988
4317.238972
4341.858327
4355.178171
4361.586116
4366.715802
4379.470105
4398.694607
4424.686454
4438.037444
4440.571426
4467.819674
4482.834045
4491.800239
4497.737192
4526.483076
4555.87433
4562.620943
4572.331222
4579.620799
4590.024338
4591.272527
4593.286391
4633.376826
4637.594437
4649.225445
4695.637291
4696.917657
4750.935798
4751.531497
4783.828876
4786.117518
4793.449794
4797.805734
4799.238654
4801.867546
4806.84499
4808.161091
4809.897306
4818.339037
4827.203839
4831.888647
4832.933792
4844.984935
4852.072414
4856.482689
4857.406841
4867.083305
4868.767536
4869.997021
4911.576148
4927.881482
4950.863689
4962.48207
4972.45453
4983.348065
5006.097543
5009.724908
5043.476341
5046.65562
5054.100101
5073.563468
5074.205876
5081.892061
5088.343377
5089.835156
5095.581418
5103.997919
5130.509109
5141.672121
5143.461832
5154.017737
5180.440677
5195.002083
5198.703813
5219.502834
5220.495917
5240.989081
5242.565961
5248.063043
5250.432651
5252.739866
5260.634834
5282.590918
5284.385543
5315.500888
5322.980227
5326.158998
5332.316419
5333.101773
5344.712447
5353.567001
5363.566091
5373.937801
5387.78365
5403.721116
5418.085342
5422.245123
5427.959751
5434.758218
5436.517381
5437.925812
5453.73384
5485.322319
5485.834315
5493.570062
5498.254009
5504.738371
5540.453017
5550.053223
5553.114393
5558.461399
5572.900026
5573.062513
5579.286244
5594.302646
5606.501543
5615.273135
5615.334632
5616.529473
5621.994447
5647.373068
5657.583664
5670.42563
5681.043444
5706.093129
5708.262968
5712.696264
5723.529199
5727.782445
5739.867884
5745.934892
5749.450734
5759.340821
5765.947246
5768.137037
5778.373294
5792.790378
5793.993041
5795.209675
5799.791324
5811.581216
5813.735658
5822.437601
5832.119787
5834.923525
5856.40463
5868.5067
5882.115092
5890.985097
5899.62927
5929.582687
5932.875591
5954.702282
5958.027695
5963.258126
5964.541324
5975.286326
5995.647887
6002.847521
6022.505615
6034.343787
6054.218745
6072.945047
6085.882415
6101.094811
6124.809195
6139.01372
6144.94565
6153.577726
6156.462706
6160.833319
6162.203845
6196.267106
6201.216648
6211.362209
6217.992569
6223.095563
6226.043467
6238.816599
6247.879347
6254.228006
6255.451057
6256.168241
6256.518883
6286.972379
6318.210279
6327.565762
6329.622034
6340.534372
6347.518056
6351.957285
6352.77622
6401.106233
6410.669283
6410.874959
6417.785521
6418.252309
6426.929516
6427.751938
6430.773097
6436.856995
6466.810787
6467.437865
6468.233149
6488.122429
6489.269052
6536.032527
6536.954647
6552.345678
6557.00945
6574.282643
6576.993318
6584.538332
6588.752296
6590.872613
6594.161732
6596.408216
6600.154297
6610.639681
6612.041027
6626.61496
6627.337019
6668.549397
6688.949249
6689.153016
6695.127232
6716.618589
6723.680517
6755.151728
6755.799684
6760.071517
6769.288385
6776.837921
6781.151692
6790.701139
6810.893237
6839.944575
6841.723572
6841.971087
6868.289274
6875.451331
6876.017037
6888.657237
6888.910695
6889.834012
6892.926277
6894.412005
6903.138063
6907.724452
6910.131893
6914.689368
6920.198197
6920.63686
6937.590118
6982.475445
6989.565027
6993.087863
7001.228799
7008.751033
7012.1962
7027.09296
7048.22402
7057.501904
7066.825744
7083.395193
7093.011985
7099.115881
7100.763627
7112.080342
7131.220643
7132.20196
7148.338507
7150.812744
7198.2043
7211.897865
7218.651671
7219.634592
7224.134845
7243.092833
7247.261397
7276.761552
7282.521759
7308.597857
7312.461477
7313.046801
7319.816871
7336.834375
7337.235056
7338.255625
7347.737179
7399.964193
7401.230908
7403.602063
7406.159219
7423.715426
7429.03091
7432.976976
7442.904256
7474.229932
7474.868619
7494.744093
7511.088778
7517.90742
7523.487247
7527.912388
7531.77162
7551.339704
7553.086559
7580.892353
7581.902653
7595.786803
7597.845095
7603.339946
7613.422568
7623.669724
7636.799884
7637.745442
7654.094213
7656.462076
7672.179324
7680.366616
7711.94228
7778.721995
7779.434941
7781.910714
7788.05648
7793.976723
7795.347809
7802.55591
7802.892849
7806.09573
7807.761185
7848.479155
7867.520514
7875.97725
7876.172172
7877.93823
7894.53073
7898.226672
7936.168533
7938.924387
7947.313917
7977.074487
7994.72539
7995.75219
8008.832588
8011.517726
8012.23111
8015.194276
8017.708224
8023.698087
8027.521302
8031.93647
8034.050987
8041.699373
8060.939742
8066.475147
8066.901873
8069.344347
8086.101982
8097.237803
8100.156298
8104.966901
8107.089608
8108.551722
8109.275748
8122.721398
8129.177408
8131.272902
8143.185113
8173.00004
8180.949134
8191.293512
8192.213961
8197.655656
8197.764004
8198.656902
8200.494801
8228.733569
8230.774896
8237.376486
8237.636331
8238.386785
8240.072771
8241.374436
8243.421725
8249.443836
8250.612644
8265.897533
8302.355784
8317.534446
8361.070683
8370.728118
8387.057078
8387.473703
8396.267545
8396.705311
8405.032036
8415.13377
8436.078774
8437.460816
8437.831025
8439.789797
8442.679734
8443.323725
8457.139287
8463.096209
8464.203081
8481.298693
8500.427926
8521.41946
8524.629414
8531.662463
8541.454029
8567.179119
8573.266189
8576.805992
8577.506974
8577.677588
8585.7952
8594.737739
8619.425493
8622.020859
8632.723926
8639.262739
8665.08149
8665.160512
8672.792685
8688.736353
8691.033468
8692.84638
8716.826429
8725.505207
8733.717513
8733.843774
8765.770306
8783.129549
8791.461038
8820.462312
8834.364933
8837.023918
8845.84706
8846.008812
8849.531593
8851.70432
8857.569157
8870.928638
8885.720937
8899.303932
8904.287785
8906.895224
8914.729431
8928.658125
8959.674026
8962.731276
8964.361368
8974.342157
8986.365326
8990.179921
9011.801787
9014.044602
9019.272128
9030.22224
9031.940204
9032.395516
9034.237752
9035.940426
9044.208628
9044.616179
9052.606015
9057.544003
9057.753858
9060.02656
9060.802295
9067.949852
9069.75089
9106.971507
9109.298569
9118.508752
9122.886654
9136.149913
9165.111337
9166.983292
9171.766605
9187.459731
9190.551877
9194.240105
9209.990047
9236.555333
9248.708013
9249.773494
9251.050013
9257.794883
9260.755681
9273.588978
9278.043211
9295.560641
9297.980788
9306.58246
9311.232147
9332.502504
9346.763228
9351.074194
9351.408206
9384.773897
9388.017279
9400.141289
9402.100976
9405.516496
9412.956979
9425.308095
9430.185786
9440.715453
9448.68412
9453.968998
9457.987949
9465.768054
9466.356672
9472.811274
9477.75462
9493.513251
9496.139247
9519.648523
9520.515679
9525.102242
9565.520408
9589.147525
9592.513961
9596.584966
9620.52306
9623.858715
9625.31528
9629.040316
9635.724975
9649.39013
9655.126128
9660.23111
9663.570563
9665.893811
9666.164201
9678.868185
9692.397836
9694.969616
9695.051046
9709.154585
9721.062687
9739.963709
9748.943946
9749.02237
9751.196055
9765.87599
9787.919375
9814.650125
9815.564042
9855.340741
9868.77022
9892.600303
9905.388431
9913.943722
9917.533443
9921.595142
9926.291042
9935.232779
9948.975232
9985.57571
9990.34114
10012.26234
10019.31073
10022.85181
10025.87993
10030.19402
10032.70636
10037.66593
10058.53038
10058.91684
10069.62829
10077.3996
10079.35965
10086.57484
10088.40544
10109.51372
10129.21975
10135.67427
10144.50085
10150.4945
10151.39532
10158.52086
10177.18222
10181.00015
10198.75753
10212.66043
10216.73004
10228.60552
10242.09251
10257.86548
10263.26884
10271.33052
10281.21743
10290.58996
10299.30287
10304.41801
10314.86018
10320.17619
10323.13945
10333.03717
10340.4653
10344.89176
10352.96768
10354.39181
10369.34442
10369.73878
10395.06573
10403.62431
10406.84312
10407.94097
10415.75186
10426.99545
10438.72853
10438.85467
10441.7168
10448.67104
10454.63414
10458.57818
10460.17702
10462.63515
10473.31851
10477.68552
10481.85199
10483.53793
10499.33257
10501.09731
10524.26572
10549.8384
10585.50492
10587.37324
10592.42865
10597.51128
10597.73086
10599.79845
10605.68332
10610.06552
10631.53604
10635.26565
10640.08672
10648.71585
10650.03002
10661.54716
10662.85315
10673.34489
10676.90137
10704.85152
10705.67972
10713.95104
10721.56297
10730.76274
10733.25164
10735.31117
10738.88707
10740.97167
10747.81862
10759.37368
10764.92179
10765.35121
10799.4516
10821.35447
10826.01431
10838.54929
10840.01151
10843.96079
10855.09743
10857.4366
10892.22468
10910.7759
10916.45161
10921.05542
10930.60016
10934.6591
10935.19401
10949.0761
11003.40217
11020.2527
11035.18722
11037.07877
11047.26847
11057.73214
11070.44343
11072.95251
11076.86085
11095.37682
11104.79588
11117.56047
11124.35602
11127.63709
11134.03842
11137.87911
11147.85069
11152.87032
11168.79826
11170.17685
11170.63653
11194.34621
11211.30808
11215.76103
11255.69854
11266.00256
11289.34115
11295.59257
11306.59383
11329.57435
11334.79657
11343.74044
11343.89359
11346.14562
11363.5098
11372.00611
11384.9018
11409.9263
11410.51267
11429.15
11443.90979
11491.8165
11506.76206
11525.18081
11526.28345
11538.58412
11549.65658
11558.20139
11569.82536
11581.2081
11584.12225
11614.59788
11637.14305
11643.12241
11671.84551
11677.06395
11697.02504
11707.57582
11722.1994
11722.73907
11766.78086
11802.41086
11805.61893
11809.34182
11824.64272
11829.42524
11834.21775
11835.88028
11835.98802
11856.01224
11863.80136
11869.45214
11873.6198
11891.19515
11894.2455
11900.9951
11940.14606
11954.95445
11989.93828
11992.88652
12007.91624
12022.83517
12023.53288
12025.75396
12039.81957
12041.75312
12078.76199
12084.04436
12086.30023
12096.87419
12096.9598
12102.29148
12114.45801
12116.18559
12133.49324
12133.81925
12154.71164
12185.18489
12186.25298
12189.02469
12224.66028
12228.0495
12229.29594
12232.74128
12246.88082
12250.34339
12263.64648
12264.06852
12269.00948
12276.72359
12299.52986
12302.5473
12303.02753
12322.77132
12365.8902
12390.45921
12398.67947
12399.71404
12407.07986
12409.74051
12414.77425
12440.80137
12453.61011
12454.72091
12460.81228
12466.72398
12509.48593
12523.0361
12529.27534
12560.23892
12565.95072
12570.99401
12581.02017
12595.04515
12619.56909
12630.45926
12635.47617
12649.46491
12651.87117
12652.4529
12654.00937
12683.16391
12684.22857
12684.37431
12703.74697
12730.25525
12738.30039
12743.06602
12754.72203
12760.71987
12776.33489
12784.36335
12785.49307
12791.20708
12799.99296
12801.94542
12810.06798
12816.79471
12842.59113
12865.18816
12868.88029
12881.919
12885.67615
12889.36676
12890.93111
12892.70069
12896.01242
12903.18764
12914.53304
12924.19282
12945.89281
12948.56711
12957.8208
12971.40263
12988.43227
12997.19536
13033.72482
13037.36856
13063.34954
13064.20863
13070.74816
13082.82161
13097.36151
13104.02406
13112.73934
13118.89734
13118.96996
13122.09031
13156.2982
13158.87044
13158.9534
13212.2837
13228.16191
13256.2843
13321.18449
13334.22509
13355.55743
13419.25645
13436.91272
13438.76163
13445.07637
13456.4135
13462.15003
13478.00039
13487.14105
13532.52578
13535.49196
13542.64568
13562.17244
13567.75998
13599.23557
13600.51402
13618.77124
13621.54482
13628.62654
13636.25548
13654.5435
13685.70167
13712.05603
13713.44774
13718.04069
13722.62837
13724.76977
13725.66402
13728.55422
13732.17298
13742.02375
13750.40299
13806.71292
13813.09841
13828.16731
13840.44872
13853.17538
13869.67498
13870.33897
13887.63187
13888.45339
13895.93351
13931.35839
13932.00103
13936.01507
13946.90501
13948.33593
13970.15938
13976.2774
13976.98519
14003.14715
14009.49365
14011.49698
14024.50822
14044.0645
14045.33649
14073.36668
14082.993
14086.13033
14093.77645
14105.92786
14113.56149
14127.56814
14129.53261
14131.89258
14140.49728
14145.16413
14159.12821
14169.64022
14185.97902
14188.5215
14189.12026
14199.01894
14206.68864
14261.6402
14284.38643
14289.86598
14313.01004
14344.43575
14345.24619
14345.91794
14350.42165
14359.74907
14381.37524
14404.14593
14405.1622
14413.87965
14452.94576
14469.12226
14471.2314
14501.01475
14522.33739
14528.97916
14541.55353
14552.09268
14567.04685
14568.63974
14573.42387
14576.034
14604.01533
14607.32529
14612.32199
14613.72443
14631.15379
14673.48526
14683.70822
14713.60458
14721.90613
14723.74395
14733.57407
14738.38204
14738.5883
14760.43768
14761.90274
14762.41311
14768.8198
14801.68322
14810.68709
14811.30804
14828.93366
14830.53881
14835.33716
14835.80888
14841.92883
14851.79883
14863.24324
14873.46769
14893.02848
14928.8573
14938.89054
14959.73943
14964.18735
14998.32915
15041.50139
15042.76209
15043.48749
15044.59813
15067.35909
15135.08362
15139.28088
15148.12326
15173.8554
15176.71065
15221.10787
15221.78582
15248.11637
15252.51312
15263.54365
15278.41106
15278.831
15286.29454
15291.48612
15309.85168
15313.89751
15320.87603
15329.2602
15362.79528
15378.94868
15409.20566
15410.02444
15413.41148
15420.37091
15454.41609
15458.01742
15464.12387
15468.20904
15473.40878
15483.72447
15484.67731
15493.63807
15559.53664
15560.15234
15563.97475
15589.18258
15593.15352
15600.69636
15622.40121
15674.1518
15679.04912
15681.24944
15698.06059
15705.45995
15754.29268
15758.88506
15761.74836
15762.27253
15766.05646
15795.45449
15797.93661
15806.4045
15808.69517
15821.24734
15822.84897
15825.76126
15834.03725
15860.00462
15866.49092
15867.76209
15868.32848
15889.41484
15890.25091
15894.61066
15901.3434
15924.26035
15939.31366
15941.76846
15942.40483
15943.10611
15947.79676
15972.93086
15995.38477
16012.05541
16023.6859
16032.16802
16049.06585
16049.34819
16059.62528
16062.81031
16070.59741
16095.71571
16099.70083
16107.24731
16123.19926
16128.51215
16179.09395
16205.08464
16225.48495
16246.68742
16257.28428
16266.56701
16269.66898
16286.58677
16288.28705
16311.14903
16322.88825
16344.12688
16345.38532
16346.8857
16366.77634
16382.02704
16391.10258
16405.06401
16409.92111
16413.08031
16413.37992
16417.22187
16464.13206
16479.1533
16505.00435
16522.18534
16556.50794
16566.072
16577.37318
16587.00925
16642.76612
16671.41616
16678.36919
16702.91215
16724.5557
16742.82232
16746.96403
16751.99679
16755.637
16756.9751
16760.12628
16791.95791
16800.85997
16809.94372
16817.78328
16873.10202
16884.09471
16892.26669
16914.46739
16936.30683
16988.43396
16988.82502
16996.97502
17030.72277
17049.78452
17067.73606
17068.733
17079.86016
17093.29791
17099.86665
17103.06643
17109.51238
17140.06461
17142.42494
17184.50707
17202.83755
17205.29926
17210.32177
17214.30396
17238.88836
17255.6429
17282.87861
17295.64058
17317.40274
17320.21825
17320.94485
17354.6116
17362.21057
17363.30789
17385.70939
17398.05532
17417.96847
17439.83846
17465.3433
17472.46582
17480.90666
17486.40439
17498.15439
17498.47672
17512.57263
17525.91316
17567.09704
17572.73984
17629.07186
17637.5777
17641.2443
17703.13037
17733.6508
17744.45309
17744.81324
17749.15245
17750.678
17751.41656
17752.88885
17783.49231
17784.34027
17785.43666
17796.35201
17819.91299
17831.48899
17837.79442
17854.95508
17865.198
17898.85781
17913.52431
17939.32037
17955.1505
17984.10572
17990.13529
18025.00435
18032.66349
18063.60767
18070.81721
18076.07084
18081.56597
18091.77079
18126.3525
18226.4155
18230.87997
18249.79937
18275.18537
18288.57661
18296.58971
18301.45323
18316.19305
18337.24979
18337.75992
18353.55546
18368.46624
18370.53664
18374.86601
18385.50361
18419.76018
18438.18408
18467.47167
18475.24125
18504.59772
18507.5486
18517.52899
18524.73681
18536.55731
18542.283
18558.49531
18567.41964
18573.01759
18592.96687
18593.90639
18600.94872
18604.20032
18607.38027
18614.06002
18682.16973
18696.88815
18698.35296
18700.91949
18811.02016
18815.89831
18823.06201
18856.88296
18896.15126
18928.19034
18965.42885
18968.01697
18984.65037
18999.09695
19036.49598
19100.30167
19148.46793
19167.21394
19199.82402
19209.46264
19238.12312
19255.0889
19266.89912
19285.49497
19288.5366
19304.71981
19322.7638
19325.17501
19372.20944
19419.50101
19425.4516
19430.25977
19430.63171
19435.86347
19478.40078
19568.58953
19579.64208
19627.8802
19636.82445
19706.79359
19764.08645
19775.94737
19781.92985
19788.8019
19797.08351
19835.64039
19851.13021
19852.20046
19859.98477
19860.55191
19885.26137
19894.04176
19911.10577
19930.53862
19976.4739
19977.04067
19985.45071
20090.07574
20104.77695
20121.94918
20123.28732
20138.75306
20192.0253
20229.43791
20271.53249
20358.52548
20389.28582
20412.39992
20483.67882
20505.79185
20510.25264
20601.29653
20608.45792
20610.85972
20642.71634
20653.95737
20665.14076
20703.84725
20713.32645
20721.64932
20744.85615
20745.31261
20760.06368
20775.33425
20788.00038
20792.81894
20814.21756
20829.85307
20832.49617
20870.95876
20891.60719
20905.29804
20930.53153
20945.72585
20947.90427
20974.47632
20984.19221
21063.64353
21074.41158
21129.24091
21136.64972
21216.28253
21227.59086
21282.4129
21298.13002
21301.26879
21328.51218
21376.07625
21438.99178
21462.44136
21463.99449
21478.18776
21497.60111
21502.4818
21535.82458
21563.16789
21605.11764
21639.00366
21640.42799
21665.54608
21690.49754
21692.36131
21697.05504
21706.71992
21773.67453
21786.65457
21845.45277
21888.08121
21902.58944
21927.6388
21928.81077
21950.34684
21998.73334
22038.33942
22074.97562
22078.88923
22093.33516
22112.72939
22193.07482
22248.52459
22249.7566
22273.57446
22286.28985
22286.36235
22333.27314
22376.26757
22391.69534
22391.74735
22407.17375
22413.57183
22443.45912
22458.22206
22529.53777
22551.76163
22654.84605
22676.04538
22679.65005
22804.76958
22823.45928
22829.27918
22852.66478
22858.31122
22912.0219
22992.25595
23054.35256
23069.59367
23093.55922
23107.2244
23239.50615
23318.63398
23347.005
23370.64663
23373.86147
23377.5671
23387.44656
23389.20048
23399.56281
23450.12938
23464.55074
23539.74601
23540.84519
23588.15911
23619.24725
23649.94258
23675.319
23707.53316
23731.039
23833.40312
23835.23278
23841.30217
23902.29053
24022.17585
24135.93615
24193.74702
24283.31777
24302.08453
24394.32079
24398.3774
24410.71482
24569.89463
24615.01049
24685.12656
24725.80256
24747.97751
24775.94477
24778.52859
24874.59136
24887.40704
24900.05955
24921.01956
24929.66564
24981.93787
25088.02367
25197.42103
25200.58616
25385.58572
25443.5988
25447.16204
25470.7432
25493.51324
25496.33511
25505.82446
25624.9759
25682.64449
25736.75348
25761.62411
25766.9872
25794.31585
25840.46465
25866.10732
25878.22822
25902.87609
25921.08384
25930.01088
25957.40856
26023.54934
26056.67346
26112.05293
26139.72035
26140.0607
26150.88205
26179.06337
26187.75587
26251.92068
26408.80831
26411.924
26459.53055
26471.36159
26490.24157
26492.12825
26507.29751
26529.9857
26622.80721
26729.13941
26729.90696
26731.19817
26905.85116
26921.72675
27000.92784
27016.98285
27056.08996
27088.13128
27102.88897
27159.34066
27177.27406
27205.80831
27214.95196
27275.30649
27282.26394
27284.71505
27302.2422
27336.49862
27357.23086
27480.83403
27669.93891
27672.03069
27801.1707
27810.98553
27881.04683
28010.5707
28062.57237
28116.96367
28314.88149
28428.18945
28622.19543
28673.41532
28678.87431
28736.55659
28772.04852
28780.07165
29070.43441
29078.12614
29115.78961
29283.11692
29415.81651
29448.33219
29653.63513
29695.49602
29753.59828
29778.97855
29870.68614
29944.24047
30098.6057
30104.07682
30125.25453
30156.83658
30239.95857
30263.26189
30284.17599
30305.32833
30326.9828
30362.7508
30425.98274
30433.77663
30443.83139
30701.7305
30753.85439
30790.46273
31203.9771
31213.35529
31286.02427
31354.95961
31430.4223
31477.59369
31515.54133
31724.1811
31724.36184
31744.37078
31875.502
32052.673
32207.39633
32237.67722
32334.16373
32584.06136
32659.14345
33092.37718
33131.15026
33214.0479
33372.9567
33389.93079
33730.21345
33767.9356
33904.83856
33953.16727
34107.85164
34430.58836
34440.17896
34440.93894
34474.31983
34873.29759
34890.58525
34989.44146
35005.92495
35066.90247
35269.87592
35645.83517
35650.95463
35762.33068
36021.01017
36386.54998
36476.19555
36549.08196
36861.34666
36878.99722
37131.35143
37211.63177
37277.8319
37302.97073
37308.07386
37561.84722
37642.89609
37779.61099
37786.54259
37864.63685
37870.50972
38025.42177
38646.22896
38652.34141
38918.62504
38993.69772
39127.33118
39179.9892
39220.53338
39277.20401
39325.96325
39327.44792
39754.59562
39767.48148
39770.00715
40301.85428
40555.16796
40667.72538
41093.42716
41268.88027
41450.32789
41516.28548
41691.12908
41750.75437
41835.87606
42005.46968
42147.66936
42251.18102
42346.3747
42970.51691
43035.1422
43310.30954
43460.84216
43657.14161
43843.27259
44161.2039
44282.20633
44458.7876
44551.13199
44650.83163
44817.30959
46082.17856
46121.10347
46482.84057
47038.45002
47103.65092
47126.18535
47148.41725
47268.18546
47298.69125
47381.17842
47903.61518
48132.52254
48321.19518
48484.47379
48963.85478
48980.26583
49108.45365
49159.40589
49272.17946
49370.90532
49509.88766
49638.35356
50095.93726
50314.59204
50599.02207
50800.6642
52336.05212
52628.32065
52788.37472
53152.0582
53370.53614
53825.55065
53989.85097
54455.72704
54486.85705
54760.05809
55135.71853
55257.88783
55521.70296
55687.01919
56063.92578
56825.95634
57258.2498
58533.4525
58782.33301
59001.51193
59656.20291
60056.61384
60216.91974
60447.26152
61433.28758
61481.69177
61911.14875
62437.66839
62451.87334
62571.88687
63163.36538
64296.82317
64648.15067
64822.69646
65175.90586
65633.03859
66271.75708
67910.86319
68619.51161
69776.97923
71196.31154
71763.73675
72692.74753
73002.08499
77724.23035
78143.88919
79994.25594
81512.39789
87611.43902
88598.54419
88618.94953
88823.67115
92971.09764
96568.96997
98742.41849
102592.2046
106426.2062
109420.2806
110603.9775
110674.0603
114590.1747
120048.4614
126564.9397
127472.7093
139171.1747
141643.322
143051.4412
143160.9438
144510.7823
148678.5856
153008.2422
196982.7274
199617.949
212377.933
280808.7457
486366.4881
