73.55778078
73.65019158
74.79996361
75.50982246
75.76042866
75.85409065
76.20827647
76.35410152
76.74788871
76.94394948
77.22763495
77.52417687
77.62621607
77.97679283
78.29325506
78.76907599
78.79573312
78.94708123
79.22365145
79.36075185
79.45675319
79.74915598
79.91149678
79.95436678
80.4578725
80.549214
80.82864147
81.26009742
81.37233334
81.81108376
82.42004408
82.49384712
82.70858521
82.74227343
82.76510112
82.87090803
82.92666422
82.9894716
83.06927431
83.19457222
83.34415622
83.34994055
83.35989123
83.36393547
83.45452309
83.53394273
83.66026007
83.8085356
83.85426698
83.90153193
83.95914438
83.96690134
84.06270424
84.09759707
84.11406201
84.19597501
84.26948598
84.43616156
84.65105451
84.82460869
84.86923021
85.00237349
85.01394622
85.10336609
85.11435496
85.24865494
85.32933298
85.55995934
85.5733498
85.59035568
85.64227119
85.7036283
85.77196993
85.86139123
85.90471511
85.94030806
86.07367795
86.08610988
86.15833319
86.18734376
86.25521346
86.2822667
86.42702257
86.44356542
86.50722457
86.52637326
86.54587034
86.58950141
86.63818142
86.6646927
86.76497038
86.80563002
86.93138031
86.99437535
87.0631524
87.08063955
87.11812803
87.29499796
87.36878513
87.41584622
87.43409892
87.44059833
87.51605953
87.65646522
87.68363467
87.71273203
87.72364424
87.72434278
87.82682546
87.86847932
87.91009476
87.97542885
87.98685185
88.11457941
88.11654035
88.12222984
88.14113786
88.25439719
88.30499138
88.32180635
88.36604706
88.41752514
88.53528649
88.60220598
88.66961047
88.68280717
88.69659254
88.71656136
88.73648139
88.75482188
88.80960425
88.81283362
88.83791242
88.89372284
88.90295972
88.91826067
88.92930105
89.00159545
89.16425181
89.1894351
89.19338149
89.22399355
89.25914383
89.2745897
89.43527072
89.44097076
89.45967286
89.47717313
89.47976035
89.52662062
89.66258692
89.710249
89.74862522
89.75446943
89.76735829
89.77389856
89.78858313
89.81862784
89.86670144
89.89366294
89.90884476
89.9180421
89.91935583
89.92236608
89.93926939
89.96055533
89.97394446
90.02278184
90.07908264
90.09603989
90.10240328
90.13479924
90.17152444
90.18809437
90.22351633
90.22943328
90.25129986
90.36011883
90.40502974
90.42734921
90.46629067
90.47038175
90.50096201
90.52853935
90.55912569
90.58627807
90.62704931
90.739876
90.78098376
90.90512742
90.90570764
90.9075684
90.96433057
90.98599396
91.03651723
91.03957494
91.05291174
91.09503967
91.11564819
91.23689874
91.29092389
91.29882554
91.40466073
91.45802626
91.46724738
91.49046366
91.53241836
91.56372361
91.60714469
91.61812085
91.67650536
91.67969565
91.70099282
91.78285708
91.83771889
91.84997842
91.92350869
91.92392953
91.94909596
91.96970309
92.005903
92.02373928
92.12934155
92.1519985
92.17106956
92.17368132
92.24518502
92.26624371
92.32701476
92.36292363
92.41907746
92.43791394
92.46629379
92.47749442
92.52103137
92.57955248
92.62769165
92.62836185
92.66337987
92.6667707
92.77729328
92.78509523
92.83571376
92.87914548
92.89297914
92.94923576
92.95698272
92.96445738
92.98583294
93.037952
93.05650989
93.06377406
93.08059816
93.08224298
93.11511363
93.14131569
93.14515619
93.15861415
93.16876457
93.1834314
93.19606256
93.27006836
93.3011489
93.35377835
93.38423323
93.38556941
93.4444061
93.45292325
93.47925895
93.54854184
93.55321084
93.56404797
93.63209887
93.64534775
93.68720343
93.7246878
93.85031476
93.91974989
93.93274364
93.93517141
93.94977841
93.97790247
93.98587874
93.99566626
94.02174886
94.02460969
94.04509097
94.08896161
94.11683457
94.13893242
94.17464126
94.19139765
94.19735998
94.214684
94.26465866
94.27674544
94.29747352
94.40426698
94.4079051
94.52183853
94.53524105
94.57297584
94.57983443
94.5879067
94.71520196
94.73365155
94.77440698
94.78295093
94.78380861
94.81364934
94.82739115
94.89214413
94.89223524
94.89365356
94.9192212
94.93836814
94.9503244
94.98462631
94.98793704
95.00101749
95.02270195
95.06912082
95.12409509
95.18187452
95.24653242
95.29088764
95.35026633
95.38036018
95.38662906
95.3939482
95.42077785
95.45806903
95.46932911
95.53190593
95.56234819
95.65248069
95.67435188
95.70696995
95.74432454
95.75385985
95.79078464
95.81776809
95.82527777
95.84827394
95.87142271
95.94022997
95.98333265
95.99470866
96.00114422
96.10200452
96.15706818
96.16483843
96.17625875
96.22531044
96.22866442
96.25470367
96.25570805
96.2653893
96.32126433
96.39062819
96.41428087
96.49025262
96.49115082
96.52757218
96.5281681
96.60188223
96.63156873
96.64045363
96.6485677
96.69225797
96.6940112
96.69638954
96.7242209
96.77550796
96.78995308
96.82140549
96.8432913
96.85862325
96.86478009
96.98775987
96.99859569
97.0411289
97.07235741
97.07461947
97.08529313
97.12325516
97.20956633
97.22143772
97.22645709
97.23782141
97.24894325
97.24901126
97.25333014
97.31612351
97.33376864
97.34393149
97.34522552
97.35976376
97.35986645
97.37560047
97.38898377
97.42382884
97.44354584
97.48792625
97.50563715
97.51479681
97.53663472
97.54613703
97.56683051
97.61388044
97.63855703
97.65995952
97.68729436
97.76168572
97.76503385
97.77822086
97.79368378
97.86462494
97.88876517
97.9135744
97.93334278
97.9630952
97.97082055
97.98819
98.01067952
98.05241072
98.13291422
98.14183473
98.14379327
98.16166
98.17918132
98.20643592
98.21447001
98.25239669
98.27858868
98.32384704
98.3311209
98.39564759
98.41421438
98.43282701
98.50165483
98.50299004
98.50332256
98.50672501
98.53885495
98.53957412
98.54458654
98.5645429
98.59635916
98.6095999
98.63604117
98.66865549
98.68500297
98.68865185
98.73520374
98.80130572
98.83011091
98.83881507
98.8631042
98.86776011
98.88081335
98.92763643
98.92799895
98.98561009
99.04351595
99.103541
99.10536762
99.10870852
99.13969113
99.20669777
99.21338081
99.21678804
99.23367443
99.24540871
99.27073724
99.28017976
99.28382356
99.28460511
99.34705985
99.3546642
99.35655097
99.40812175
99.49654356
99.51779211
99.52269135
99.58772866
99.58993123
99.61561236
99.62366723
99.62716588
99.63213383
99.64021392
99.73122081
99.74068953
99.78963202
99.79535839
99.80210442
99.8048933
99.84570338
99.86823328
99.86942484
99.88212676
99.88714439
99.91877507
99.9366893
99.94421272
99.94994926
99.98383084
99.99182971
100.0004319
100.0752449
100.0893412
100.0973416
100.112449
100.1829487
100.2004886
100.2032368
100.2077082
100.2146614
100.2805341
100.2999587
100.327159
100.3273614
100.3587964
100.3704878
100.3949849
100.4031403
100.4119958
100.4415107
100.5300214
100.5538836
100.5574383
100.5580119
100.5594068
100.5806988
100.5928146
100.6179486
100.6493775
100.6498934
100.6894815
100.6961854
100.7137286
100.7547449
100.7982766
100.8015253
100.8090071
100.8282285
100.8349789
100.8599059
100.8798711
100.9181359
101.0245162
101.0331788
101.0342445
101.0525385
101.0681408
101.0953735
101.0976448
101.1091094
101.1393131
101.1694566
101.1844484
101.208929
101.2533231
101.2794052
101.2864443
101.3188014
101.3256073
101.3517544
101.3789173
101.3866496
101.3906186
101.4007153
101.471754
101.4857313
101.5184172
101.6198074
101.6497578
101.6848817
101.7187104
101.7327649
101.7357619
101.7366567
101.7463914
101.7919662
101.7984103
101.8229442
101.9901391
102.0176191
102.0541801
102.0740458
102.1203515
102.1371884
102.1713285
102.1889912
102.1932067
102.20942
102.213731
102.2670764
102.2785864
102.2801733
102.2842453
102.2886239
102.2913337
102.2928834
102.3076114
102.3162601
102.335756
102.3405701
102.3492205
102.3788207
102.3975573
102.430947
102.4495861
102.4678572
102.4808496
102.4857898
102.4860108
102.4895798
102.4924264
102.5730423
102.5734563
102.5755782
102.608084
102.6166246
102.6850345
102.7104207
102.7889
102.7919842
102.8010411
102.8088049
102.8424521
102.8471227
102.854299
102.868663
102.8767642
102.8880702
102.8916087
102.8950203
102.8969629
102.8989389
102.914181
102.9378142
102.9441082
103.0749918
103.1261988
103.1350866
103.1436276
103.1480904
103.1554263
103.1653581
103.2529205
103.2554598
103.2682265
103.2688673
103.2709752
103.2729236
103.2736756
103.2740021
103.296478
103.3168474
103.3902243
103.3936379
103.3937204
103.434709
103.456268
103.5434528
103.6211374
103.6661427
103.6919671
103.7096058
103.7573445
103.7922362
103.7934454
103.7984731
103.8033725
103.8380649
103.8546939
103.8808332
103.8988049
103.9079781
103.9305893
103.9657532
103.9859207
104.0623134
104.1107915
104.1944276
104.2818327
104.2870688
104.316121
104.3442574
104.4083567
104.4090964
104.419123
104.4266274
104.4365349
104.5743157
104.6026799
104.6204801
104.6938312
104.6993952
104.7328561
104.7951044
104.8013582
104.8203933
104.8518979
104.8529556
104.8549771
104.9377825
104.9776966
104.9950368
104.9982567
105.0016703
105.0454235
105.0774079
105.0803455
105.0816468
105.2448681
105.2463868
105.2874301
105.289897
105.3299443
105.3539795
105.3621869
105.4148678
105.5118471
105.5288352
105.5302477
105.5355672
105.5415928
105.5475763
105.5817658
105.5854296
105.6492614
105.6538405
105.6890021
105.6896065
105.7114762
105.7173234
105.7785735
105.8005321
105.8485612
105.8693856
105.8834967
105.8888219
105.9128259
105.9363417
105.9854448
105.987507
106.1234029
106.1446305
106.2035014
106.2045113
106.2167328
106.2323385
106.2497518
106.2555857
106.264359
106.2938365
106.3527413
106.3573878
106.3634495
106.3854245
106.5180409
106.5478985
106.5646751
106.6226085
106.6302415
106.6665499
106.6815503
106.6860051
106.7163395
106.722722
106.7708919
106.793866
106.8017855
106.8043858
106.8523602
106.8563286
106.8679374
106.8999738
106.9734755
107.0024172
107.0167218
107.023411
107.0789388
107.0903221
107.1190832
107.1432455
107.1918848
107.2077668
107.2286352
107.2579055
107.2828293
107.3095734
107.4351413
107.4453803
107.5083418
107.5199927
107.5322462
107.5529542
107.55913
107.5819261
107.5993833
107.6286322
107.6619148
107.7121425
107.7478824
107.781745
107.8118162
107.9015288
107.9515483
107.987832
107.9904862
108.0572879
108.0572935
108.0615792
108.0754179
108.0764962
108.1148586
108.1187884
108.1211102
108.131996
108.1562229
108.1796283
108.1829723
108.2521515
108.2609262
108.3386925
108.3694989
108.478983
108.4882144
108.5594767
108.563516
108.5799667
108.5843816
108.5848425
108.6330394
108.7090745
108.8216775
108.8284508
108.8775191
108.8917262
108.9209848
108.9563847
108.9681579
108.9977209
109.110979
109.1176303
109.1222834
109.1314082
109.2320708
109.2581269
109.3121751
109.3211121
109.3753792
109.4088994
109.4419973
109.4428482
109.5346545
109.5856367
109.6376903
109.6523079
109.7076072
109.778457
109.8337217
109.8633739
109.9011487
109.9669193
110.0163043
110.0221968
110.1349188
110.1841179
110.3284841
110.378342
110.5564839
110.5829481
110.6380055
110.6411915
110.6543714
110.6676821
110.7268627
110.820919
110.8229495
110.8391804
110.9428666
110.9500374
110.9764409
111.0685111
111.070784
111.0952599
111.1632624
111.3427683
111.3802801
111.4177283
111.5075435
111.6483085
111.8371954
111.891642
111.9024494
111.9083807
111.9091547
111.9110375
112.1344449
112.1591172
112.1598121
112.2744799
112.2961508
112.3150253
112.3524465
112.3655565
112.5376857
112.5400142
112.5906032
112.5936515
112.6307725
112.6978185
112.7435113
112.7645247
112.7808415
112.8094094
112.9024975
112.925479
113.0594533
113.1008034
113.1705309
113.1984286
113.21918
113.2416686
113.3947948
113.395857
113.4092945
113.642718
113.7327534
113.8078248
113.8363011
113.9334147
113.9534575
113.9945327
114.1514149
114.2740166
114.3196197
114.4186662
114.4350824
114.4842434
114.7247993
114.7891706
114.8187625
114.8761426
114.8849047
115.0852576
115.2101324
115.3497565
115.3515227
115.3567038
115.3702124
115.3740903
115.4127877
115.5193628
115.5324257
115.7752351
115.7829884
115.929407
116.197478
116.219719
116.2356206
116.3419058
116.3506822
116.8202799
116.8674802
116.9242987
117.2948051
117.3567634
117.3816997
117.5129563
117.6212067
117.7010089
117.8873024
118.4821622
118.6247973
118.6340061
118.6452902
118.7045283
119.374586
119.5738476
120.1566568
120.8072976
120.9406519
121.1216017
121.3630842
121.7642596
121.8318582
122.1255408
122.3684988
123.0928749
123.7264795
124.953178
126.2890942
126.9027694
127.3164397
