1
1
1
1
1
1
1
1
1
1
1
1
1
1
1
1
1
1
2
2
2
2
2
2
2
2
2
2
2
2
2
2
2
2
2
2
2
2
2
2
2
2
2
2
3
3
3
3
3
3
3
3
3
3
3
3
3
3
3
3
4
4
4
4
4
4
4
5
5
5
5
5
5
5
5
5
5
5
5
5
5
6
6
6
6
6
6
6
6
6
6
6
6
6
6
7
7
7
7
7
7
8
8
8
8
8
8
8
8
8
8
8
8
9
9
9
9
9
9
9
9
10
10
10
11
11
11
11
11
11
11
11
11
12
12
12
12
12
12
12
13
13
13
13
13
14
14
14
14
14
14
14
15
15
15
16
16
16
16
16
16
16
17
17
17
17
18
18
18
18
18
18
18
18
18
18
19
19
20
20
21
21
22
22
22
22
22
24
24
24
24
24
24
26
26
26
27
27
27
27
28
28
28
28
29
29
29
29
30
30
30
30
30
31
31
31
32
32
33
33
33
35
35
36
37
37
37
38
39
39
39
39
39
40
40
41
41
41
41
42
42
43
43
46
46
46
47
48
49
50
52
52
53
53
53
53
54
55
55
56
57
57
57
57
58
58
59
59
60
61
62
63
65
67
67
68
68
70
74
74
75
75
75
76
77
79
80
80
80
82
82
82
83
84
87
90
92
93
95
98
103
104
104
112
117
117
119
121
121
126
126
128
133
138
141
142
145
149
150
150
154
156
159
159
161
161
167
169
169
172
185
185
186
187
188
188
189
196
202
205
213
217
217
219
220
224
228
229
233
233
234
234
244
244
245
246
249
258
263
266
274
297
305
307
311
328
330
341
347
350
353
357
366
370
376
387
392
394
396
402
415
418
418
430
438
442
447
449
451
458
472
484
488
498
501
502
518
529
530
534
538
539
550
570
580
585
600
610
635
645
657
658
703
721
731
775
806
834
838
867
915
940
967
974
982
999
1018
1019
1063
1083
1088
1138
1157
1184
1221
1241
1309
1367
1421
1441
1451
1469
1510
1518
1611
1625
1662
1749
1772
1823
1958
2017
2143
2168
2192
2210
2303
2311
2454
2492
2604
2612
3168
3315
3584
3875
3946
4075
4122
4852
4857
4965
5553
5646
5775
6125
8176
8732
9099
9505
12130
12239
12564
14672
16691
25023
25362
29011
33359
38213
38545
40010
56666
90726
106375
110761
340330
344153
493308
4784142
