0.564720414103774
0.510671923547056
0.719544064519334
0.557776067540422
0.691222853094247
0.619015538142937
0.589914409871325
0.687990011375221
0.119531498878351
0.162405857454185
0.659092365926648
0.542604434834549
0.347007773522873
0.321149968776657
0.664061390385132
0.934946519893182
0.656383317077823
0.239977932582685
0.314310410571635
0.737937014470111
0.70801017436852
0.283739681494454
0.856167189706385
0.464238247782125
0.61539537632274
0.657150049373923
0.472836627511629
0.272843789013466
0.368707883989964
0.332777419929271
0.264770594430208
0.121969543826584
0.277463972745921
0.29636374463873
0.695732721124784
0.355171187142717
0.303515907512077
0.571901449497124
0.575053617661546
0.288023706560185
0.553815373927046
0.916038180763109
0.337664276862379
0.756953420064438
0.080615741623011
0.550853748962873
0.469119188957877
0.296385774108161
0.329325856875569
0.847762388208109
0.296299134115023
0.148058810183892
0.367355517330902
0.834528085190791
0.519470629358537
0.781729679682522
0.24976550243962
0.636877960052589
0.734499902630709
0.501575440555911
0.43355607822799
0.709550610149489
0.800759285146189
0.823374239380417
0.324707165158753
0.645351862268882
0.282535694899743
0.190021715494714
0.819351300686585
0.377251192207061
0.470408519454359
0.637266713003225
0.452025879404586
0.925632660057135
0.114194169109006
0.464079820686188
0.568454810294121
0.595951584553824
0.414824239448041
0.606297815981329
0.85122817915547
0.4809669579532
0.617271153615406
0.524486701508585
0.460224472593431
0.749301040211635
0.523908329818932
0.494606945128355
0.167854660884797
0.72196757038522
0.655768736105945
0.441088051562158
0.502908325958781
0.631656634580302
0.593076270799526
0.266629016776104
0.215164503521078
0.548648488107717
0.467914189926853
0.473830443742768
0.854777044504869
0.250848811844047
0.572021385498624
0.580722587840188
0.0644937273580474
0.395715165384593
0.516056721612151
0.466822540204119
0.201166565776412
0.283513506009019
0.321550180722667
0.717142281414563
0.312191870890769
0.529233228343767
0.339490755304696
0.610522608158348
0.406162793916349
0.454275303336277
0.162527012084371
0.0774795835887734
0.756078111169294
0.391124190608166
0.720328076584249
0.355038095123101
0.418040418719384
0.427362637836866
0.603294460081611
0.794203935795611
0.512719790556492
0.316550073674259
0.401223276377728
0.790633331505071
0.414147007248199
0.341268576307548
0.492042476025945
0.685415582825338
0.489788696560198
0.429556128755407
0.862386393777732
0.408706325369219
0.664456172261403
0.525793681354788
0.530243660781127
0.269345541958107
0.304244975028756
0.323307214848761
0.357047774398886
0.826653485023571
0.800198440667138
0.0560835261129408
0.277678582650987
0.739682043748182
0.752028676710699
0.557355422530222
0.61246003631727
0.427708771997551
0.719932475408675
0.719606915203329
0.565923983027711
0.611551673908685
0.612012206281195
0.408431218442556
0.21938541074981
0.401975722356607
0.490102937093407
0.864187978965228
0.513150946923613
0.41042813389425
0.572577188390568
0.394430373504057
0.574110568052431
0.616952546274226
0.518499460133267
0.563184355656064
0.387861910573041
0.50127927245975
0.256236301487018
0.119948680367791
0.585282421502872
0.824728374664853
0.659363863525815
0.795313014352331
0.465690019267468
0.809866430274872
0.435538735816156
0.345958116444656
0.732190382811896
0.917248133851521
0.660316303209431
0.417931015214167
0.784749912750656
0.0753217600040486
0.47547964466542
0.69749056882403
0.595640067627403
0.269331123727087
0.3588628780465
0.168125070145124
0.540257253963912
0.485527683617824
0.552431329612335
0.325821226019185
0.485962830484921
0.794028623019255
0.476472980438978
0.371130998680744
0.524682459497436
0.807494946953384
0.324259324938808
0.504640038935412
0.293741068702666
0.582615436728101
0.185707185219502
0.08528484406351
0.348052286651606
0.619872743071357
0.302493446369991
0.475654363482999
0.418103167915393
0.311711893358804
0.925097876080335
0.6247718270894
0.150498946459909
0.216341776326269
0.177161607100319
0.230786632176937
0.276323432120815
0.493379020346976
0.878339482079237
0.300295463993591
0.238073176805961
0.394764720770198
0.706576797972198
0.801185806557333
0.671590191760738
0.318332195401622
0.596998835437129
0.400505106103272
0.30926581353128
0.559880057636218
0.60256077543959
0.00525569491800696
0.482077168105531
0.107368061826864
0.957001398442311
0.425795875306881
0.81124523662663
0.606054407432147
0.328351817507237
0.509462163153787
0.510271101451922
0.476964445535318
0.404529727491681
0.132512919194949
0.526224067893168
0.556804694429702
0.646041544510553
0.446862539782697
0.72923155801278
0.342562006410242
0.28368725728499
0.521322339837906
0.487767601451403
0.508581133223226
0.362479038938924
0.371557597241739
0.33110409940368
0.672280543039409
0.642188167351404
0.469906315170359
0.348435313919292
0.881661739064829
0.380428962474016
0.521989651729816
0.877484977628933
0.689079654502775
0.368084173806038
0.333500039501781
0.251049920226466
0.478302997064051
0.439188971336521
0.347959246425365
0.458819804972318
0.533272167372769
0.309778013333414
0.763104749315511
0.456016077116477
0.455787166696657
0.259911177305836
0.649523086219351
0.201628246045633
0.720765239738508
0.414452015048796
0.7744737152844
0.883152698554877
0.174667309410879
0.37161945998532
0.565326900395688
0.607210873584488
0.167558951937196
0.592067561279876
0.778380431542469
0.507531584120907
0.674046166889852
0.541440187535953
0.333046117555393
0.551397011069391
0.716714920195026
0.509336068336412
0.633983050545205
0.36802776824769
0.742238779995572
0.275149226280774
0.433781677891301
0.564203112772686
0.40378296048867
0.743039340035178
0.363232246549646
0.764734091110845
0.754334638610085
0.30517506008063
0.741848847888369
0.726092938860529
0.509498540357309
0.192530733693794
0.726637031077502
0.347485522309894
0.352547592465401
0.731252031304515
0.301386327145028
0.137650611483356
0.478705095956258
0.586243341623435
0.738394420541979
0.550373749294652
0.143407646602841
0.772864686130617
0.694734051864003
0.728083748862215
0.735494004687668
0.257117120903367
0.508426611805537
0.482995677184128
0.569180017402999
0.63478344100786
0.485362117084589
0.459464310510468
0.636480315293566
0.801113481362964
0.657844687464074
0.627684762205106
0.432163356496156
0.492275439743321
0.501926217969611
0.636028099665819
0.214299355920003
0.541805492967541
0.782993736732205
0.522784106218957
0.496545246612929
0.767279334397249
0.559904230908468
0.359196733200684
0.479423733295073
0.579924419167617
0.661624780829124
0.41061446531137
0.469558316784934
0.486439320671265
0.287896218505943
0.791158814051532
0.597559206244961
0.402579290114237
0.826093604934244
0.716712394111432
0.258103443564308
0.467029541231614
0.370339379920725
0.252656492230654
0.465858338961168
0.175719437062489
0.659931281302244
0.334946795608502
0.429059453005166
0.0680927603572784
0.725837149248417
0.227553222127677
0.388629704372965
0.548709428803456
0.626189893270609
0.41191507031185
0.350866560575453
0.690280900610736
0.196310246804773
0.177194370717578
0.381616168333008
0.49841332943621
0.37616757643453
0.651419871802178
0.388150090295257
0.816084822275477
0.392241587556699
0.613809298411687
0.199047689824978
0.395268470848125
0.320346477025066
0.312052124911365
0.189977406495424
0.595585824670432
0.769923538451225
0.675533899440813
0.66814976272415
0.678758105809803
0.496289072108053
0.712018838433951
0.579996477762327
0.523265040981331
0.667414278821872
0.591274694284277
0.666177966682917
0.333900713585457
0.376884939149057
0.644255970195166
0.462256210477516
0.694508100776117
0.414137755833625
0.560010139495971
0.133967608936918
0.509204273421255
0.739540603264075
0.292244256779665
0.731217527540649
0.52617047698077
0.433473574140873
0.384469919228882
0.570672793425081
0.445233354991103
0.658011760467581
0.630272082830282
0.494584261944979
0.253091897509018
0.697252579170264
0.52378776117891
0.366876547391447
0.579547006738118
0.88294012840665
0.221486682150277
0.468480909616497
0.508425260383477
0.525582729298818
0.448463436761464
0.697802246497556
0.432681770837511
0.527736864735467
0.680000798395608
0.613597788244944
0.177161155662622
0.722528191491369
0.463000261299214
0.788174320228729
0.666232244674715
0.49438188858137
0.167590428072457
0.580664762392926
0.179135414180112
0.484423754866735
0.49794761262258
0.612253034282754
0.615607822452409
0.816406826707549
0.676757339984974
0.374215209778444
0.380504174909963
0.51570851366736
0.562848089903194
0.513952415038682
0.61719230002863
0.507344607622925
0.569356279923888
0.27724799665797
0.658922537694723
0.661070579971953
0.659500176773571
0.541907891159498
0.643599884240113
0.367820463995229
0.618500772167364
0.70865805810721
0.465450106893026
0.418072679501993
0.236721077884348
0.537870570346496
0.179306704848027
0.571917806204102
0.690785644631992
0.347440043604398
0.362399836311568
0.520587585567716
0.272805021869416
0.484500231555939
0.484574804752243
0.630038829165794
0.414379451784973
0.886963584770208
0.293377931077186
0.171691508043534
0.518193686522882
0.0314236413726198
0.336205996356228
0.563685141781542
0.622772526021713
0.110496019761173
0.72832877170917
0.91528942972029
0.577310377988287
0.505919272227947
0.762191390869133
0.549496339964962
0.169886636437148
0.341064004617886
0.444661498273389
0.491413782363173
0.462274770323678
0.198323515302547
0.682907826827534
0.260394294244664
0.483516607025637
0.490811225148183
0.243658013172737
0.592933076164164
0.708060495598547
0.324790759692636
0.601292737428083
0.500330315231333
0.569266528686256
0.576561345755428
0.46236964702313
0.591733686989181
0.683348237689893
0.432239644495375
0.66413280913013
0.711912204053375
0.650581872027099
0.820218647842206
0.143194776121659
0.486755500960856
0.323273037283961
0.670907751697676
0.6298547424503
0.647923130738781
0.37752174090653
0.340620468362687
0.270051983112827
0.715040936044782
0.316724173957705
0.205192075020663
0.357953838503411
0.633905307781774
0.334404030428433
0.275172409428812
0.719006005047956
0.548144977825172
0.701399425232947
0.563865869622742
0.118694233760233
0.366984720050083
0.733203951455024
0.381154739797266
0.481952271684116
0.342440799522385
0.900360669989078
0.735816583978777
0.600499510497453
0.424367952974535
0.584809638841662
0.476402251741771
0.461959503324908
0.429865810259758
0.479252724374496
0.851282594234397
0.331182362930497
0.78934049104699
0.538258291976038
0.513469166541027
0.563944382416083
0.337643255106612
0.243828494577928
0.520728650977796
0.497044627386953
0.476631431817044
0.567030032123947
0.539051590332336
0.567199241962287
0.538060496342341
0.529070695954604
0.246178491322505
0.943690680077836
0.558022293521052
0.649185498735394
0.691580544346022
0.25292196041072
0.588956066924523
0.12575913349216
0.589943097004035
0.903951321754353
0.406858154214258
0.337482216768569
0.653098890167897
0.444148557971867
0.365441087565856
0.505732946163071
0.375571502589421
0.552628215979061
0.289684105946651
0.698177478839639
0.393562433217453
0.614009586056662
0.218227812674441
0.0476570738560959
0.417592586832511
0.830424861570754
0.844004707515201
0.114823866926531
0.266782913778242
0.3096960446822
0.689518907754645
0.406412904228462
0.288724005580436
0.341613178617298
0.598031388447652
0.155551094967773
0.440465647060491
0.467444779622732
0.643871914103989
0.494386768572482
0.800321766719209
0.425453528683967
0.595487463519881
0.361624621516509
0.72186286454142
0.747533967049849
0.850201876739376
0.419840983705827
0.215545914352889
0.545782983495423
0.50069526784959
0.468877795427046
0.276205570797041
0.481413240747618
0.909508480573143
0.677870388990482
0.790885308879773
0.587969068223377
0.627041678366187
0.139868499521075
0.685281494382417
0.193511314673753
0.668598054054337
0.655985426714311
0.551168559370302
0.442154019656542
0.670616399161489
0.623038944577342
0.505883601937112
0.0032208697829378
0.44751865947312
0.245820497382116
0.781443759929693
0.667046608190741
0.55469430373918
0.555140556365065
0.145257633949264
0.62062797910806
0.613935276316294
0.304605449271851
0.271885246598969
0.812528068438008
0.498584540893293
0.616760206822476
0.655177466105751
0.16551001635307
0.408266718487587
0.796363107531705
0.801504241515179
0.306683779902248
0.208658791989373
0.646770585086286
0.663621633996109
0.29077002303159
0.529698108597888
0.116214666487066
0.393652052436812
0.46807933093026
0.386311376406762
0.542117057698002
0.83071232009931
0.181770789835316
0.469628325631736
0.55738345219954
0.364206667644805
0.425452468653932
0.434874003089912
0.20850358062899
0.632853996371879
0.345966080495174
0.237532006645343
0.60022269504863
0.485827817720106
0.750908063043679
0.763276185606847
0.399711534254338
0.313595879246794
0.769484626961968
0.409504006399327
0.336127480269823
0.790501536111784
0.657831128101636
0.617109288297325
0.212033451581659
0.423928372551609
0.549083297685791
0.670163631094877
0.699919740291681
0.834190499769998
0.529691321163358
0.378724857298784
0.409366835151487
0.536970472252063
0.887972868393372
0.299923043622008
0.49840114582941
0.111383139042571
0.198343208956848
0.228871497111463
0.951091868858364
0.348220705510649
0.352329318065284
0.359241291788306
0.319426403625104
0.280813908909223
0.746375025832211
0.873631491955401
0.676218477379618
0.8626754142656
0.722443312299252
0.523806593115757
0.442131053736758
0.390194266482849
0.603763946125133
0.203621436202767
0.509512599595461
0.600438946703631
0.087971995356933
0.614320446826056
0.121981236860001
0.745752685854528
0.381606516459602
0.550158385550467
0.51616467256558
0.314091291000523
0.3152884124153
0.368736341835203
0.732627865713356
0.294549889790502
0.416259987682831
0.252918449358389
0.355131969628896
0.616152652829793
0.360681509722105
0.677868954987046
0.142486241369462
0.389074630714557
0.354790323280459
0.545491773155181
0.75922298102202
0.519949329388564
0.600073791233219
0.408519416143762
0.536221592138235
0.373079675148688
0.300832747681458
0.742131564173809
0.567470879589989
0.469357882172
0.859652631027608
0.629903246605734
0.358215275646003
0.241002279015279
0.497978592146731
0.354768624578138
0.475427245907653
0.374149907601205
0.520791308988533
0.522499809599086
0.620133230528499
0.855400212854085
0.572896798868433
0.730265236155046
0.506912189656584
0.972820372196816
0.516767048985312
0.769262370169423
0.411149121055034
0.422931659151652
0.5279740681073
0.491701675141837
0.406231022927984
0.367362536303556
0.478484680673869
0.337610749865826
0.595214168039525
0.489812698332594
0.806002450829395
0.69376972002575
0.567538945104439
0.268720975674979
0.355629971349574
0.639254627541318
0.298471386687004
0.612716182430853
0.682572380807857
0.27844189217778
0.215914633905028
0.574010225954122
0.626017768231284
0.664082824239253
0.581066700300636
0.642264461601753
0.857020228581445
0.227846559992482
0.767572873088726
0.74176078202282
0.264548079880659
0.275264473946175
0.687364321598581
0.698930254991728
0.964637130035054
0.871241127258839
0.418533577338812
0.602542703086365
0.409256574393427
0.72139740878175
0.904976578098179
0.830041778960311
0.728850694527214
0.952217592366453
0.0639845093497472
0.347049040885811
0.365737527664618
0.761649280164946
0.461366231042637
0.724313566583643
0.588908185363973
0.623292238932165
0.122857457021054
0.209643220595807
0.904655934258915
0.697015424838171
0.811584332709925
0.741107723062997
0.467038168427383
0.871981772911785
0.564048958355486
0.292430905328279
0.828287372017045
0.513477447726689
0.893205574859228
0.739327416575332
0.431866634515556
0.393882559573562
0.604331400228383
0.123845070700795
0.324453739815085
0.453652343002318
0.807010733012217
0.535543111515815
0.609505492489322
0.781460106958794
0.611118985737558
0.513739247636902
0.5045609736052
0.372682395072638
0.901132237308138
0.609447821013863
0.446445587368229
0.361410816338135
0.43403773677182
0.358093525535495
0.356052693416611
0.846054716902743
0.257587322558507
0.331937737830438
0.400819853372146
0.238848717212075
0.462997307535535
0.753656578078807
0.485059290611438
0.858311315322726
0.54914036102163
0.654668658184511
