0.342851772546648
2.04555793736481
0.509318782671435
0.81163719406461
0.562791383763398
0.134029967109104
1.05614915405722
0.0963151073789242
1.25919310667922
0.146130834418924
0.531453453585446
1.39932809677542
0.654695507102055
0.200784007137126
0.774420305062342
3.02147906820407
3.63975989304881
0.381753134585304
0.324184066695233
1.95557502153861
0.515247902182075
3.17893560725716
0.111387390795086
1.32162867157787
0.0823320292487656
0.370781494564968
0.0254470625674519
1.68747676943929
0.00238815060256749
4.63980706864977
1.39277808995537
0.0395053467073242
0.599752249679898
0.0479600095143337
0.209445389886601
0.00789247872050233
0.0676253633667313
0.319085540626455
4.16307634949306
2.27721949920294
0.00299578701382833
0.00588200669738478
1.69356599984171
0.190105337109771
0.0538398884894827
0.949567699368234
0.277701052696034
0.0879070382668567
2.79279271787336
0.00377076717279658
0.0765704206490192
0.0118626178038172
4.51864097159213
3.70692097366856
0.171569494663679
0.0107568530270583
0.00587126101843783
0.98449288913497
0.0532532273949229
1.84277340332385
0.941202743776551
0.485485701571758
3.62024982225205
5.13418030155916
0.306633516497824
0.0305821416658182
12.1553984065671
0.503281100835067
0.132382679023231
2.03955091651437
0.654927446839189
0.304170791905859
1.65153988304793
1.21737439539342
2.81926750797298
6.24263929132824
0.316077598417093
0.0208650385097375
0.191123458595803
0.0134705598269642
0.967852388005969
0.0132256651778634
0.052605603725374
7.15661053977544
0.00000417071991810134
0.2229740804619
1.41441567355804
1.19390716948127
1.08447917264179
0.0238473721981061
3.32589619541349
0.501362966551836
1.62458837128551
0.0411464294564105
0.0917608641483973
4.71755729604319
0.00764892881743957
0.362771470030303
0.352304881659906
1.64609367157047
0.0466130263099714
0.00191879552904055
1.0371263963844
0.427750173023658
0.0851320286765861
9.52397092598984
0.0974975619928015
0.598051950226516
9.81229891252912
1.42140735400356
1.04946872575906
20.5883919194244
1.42756223057579
1.61350288002351
33.9986766817195
0.319006304692771
1.38351158100496
8.78709623517646
0.235695206055931
4.24612801911278
0.151966015065397
0.126120005142563
1.23940394112292
0.0203676345920758
0.162451697801921
7.6006152878125
0.338029826423741
0.316606657917122
0.00258671513526674
0.830094730087842
1.22094937257427
0.105387393724749
1.41522624437551
1.68675460768309
0.108429972274878
1.76324213737074
0.236806817269299
0.361952490354075
1.47843109985463
0.197835761184475
4.99323651444557
0.125870804302331
0.37770967843423
0.260399994079088
7.60395693158157
0.133542130665176
5.09790271966303
0.145344621543231
4.92830732654745
1.15323229452247
0.00488714098733063
0.832795427106565
0.443190030049735
0.0598128265717204
0.0878961662169447
1.86568641464118
0.128082195615587
0.349132394238789
0.00708658475350884
0.0893686395425063
0.0271092595818455
0.267280423375382
0.00135964492758416
0.0124173214712538
0.121119548211072
0.00281093284035794
0.0000689064165389728
0.759027281050004
0.964261346487946
0.0509959512023117
0.751698076090306
0.560933419237513
0.321659561103377
6.87844038385776
4.39398420997038
0.041578480560274
0.001112948555436
0.577946057840579
0.819713513668726
1.50551132162559
0.013823163217888
0.0046358702286599
9.09573934893237
0.249012939915401
0.337647732506602
1.91080063529552
0.036366644384668
0.183787024656145
3.24003698627201
0.828506757923284
1.86295970959212
0.159783334523462
0.00656546152771957
5.51268289564816
0.363821999414605
4.94359182054011
2.05825914732522
6.82366703611851
0.514543470071795
0.00184599039494897
0.709258213436159
6.03871295760347
0.438507227142186
0.231506384714906
0.00100788515216538
0.169372608177038
2.79601867195003
0.396298276248743
5.66887187333391
0.805471903665377
0.0477005774638242
1.37093131209357
1.95408586917649
10.2399418392425
0.281015840359324
1.94921378514324
1.51015339407062
0.00909126732616065
4.52671213600755
0.0624491653403881
0.0468074781426337
1.16280825567281
0.487097828819141
1.37128234700837
0.0600184684501754
1.07778152688557
1.75615629693368
6.1143616319623
0.00421034615089989
0.0571016616825419
4.46511145678444
14.2733476892978
0.0400826628656335
0.00010906443542868
0.0580898231108854
2.56227854775782
0.105317264467863
0.321243600014034
0.337344184374719
0.0109231787962766
0.206419866549729
1.004989671313
9.84930314075784
0.859120652741808
1.79163798175202
13.8762773286512
0.332574988691582
5.54201087944296
0.826078793955831
0.240908175227711
4.55182371976978
0.114087618152697
0.0906959436287031
0.261916140453505
1.98568707265393
0.811973765249444
0.285998703702553
0.00691352239270378
0.0152359435068365
0.694999285555147
1.53502039985445
0.764492724241621
0.121755260939428
0.389023142036128
3.10467039396585
2.17758531009239
0.032234390169834
5.18435963467319
0.0137020392549137
0.0564267139814541
0.00900070174973306
14.8211267334358
0.00198543631889598
0.0100594834408795
0.00293575489820874
10.5479376131308
0.0660012824757605
0.280087611722637
0.00149208688825062
1.12958813418392
0.867320147845337
0.0126143343388359
0.16466452750247
0.0147086452433289
1.06272881229325
0.451840965109904
0.0446526830987986
0.0012374854397456
1.57061652477494
0.00241394986959982
0.0164252476260702
0.39397770340152
0.00291839550643076
6.40918919933701
0.530773125370728
1.62094570403786
0.0132280423298259
0.0726661509833921
0.451272791089457
0.0365167306882802
0.0126560630244582
0.626348340194818
0.103794444255667
1.52871927449327
0.286972988510836
0.024287637003295
0.0366181033704703
0.250291100907832
0.752323637079416
0.589594880397215
0.0155665516828711
1.23641131380606
0.785460122706049
2.11384144239605
5.7479680449274
9.7333596597878
0.0583930840897972
0.0784818959941717
0.164851204411119
4.4744480806686
0.406010597072796
1.85807909871306
0.132195272814323
0.434232525929437
0.00395540518627367
0.296993106805294
0.0525020366341088
6.06479890429243
2.09256455640166
0.167764966085904
1.18763456586431
0.0415813642135389
0.001937748644815
0.35908867916229
0.627326739775272
0.0200115951179768
1.61134976650578
0.811169269231505
0.0277026665259111
0.00112205406727119
0.0922510951673591
0.101906243095766
2.81799877121637
1.12651023136528
0.00212630448607668
0.060446444688326
1.02229009161445
0.603564918210526
0.499969350175701
0.00000762926648583211
2.52179130997885
2.12783015551999
0.546921698080547
0.0611294135488395
4.75206258772968
0.192484644369118
12.2916579736115
0.209633361530962
0.068096050921156
0.00334881918437333
26.3692996770848
0.61347433654794
0.0534635506383447
0.0288645651148786
0.0798378714963822
0.242888433939113
3.11499718030591
0.818987482262137
3.56566548868554
9.46988290778761
12.2464097883921
2.23095213803568
7.28436209940802
9.45109470997864
0.094887658668665
1.07511816138331
0.554568297285671
0.984634323886984
0.958142353586288
5.42029509192232
0.0516960263600182
0.119810194677547
4.26104576519379
0.0799278386284337
6.75075204108552
0.164689900448271
0.194907682412191
0.644567558080499
0.0067931572353729
1.13512600775982
1.21029378709571
0.0102681411961054
0.187397130801832
4.91637678885376
0.378390487286033
6.11176041960833
0.649942514282081
5.91989814399746
0.0573513473411781
0.677950228816962
0.77885553800846
1.2083941866893
0.476412684171391
0.34239237491342
0.408324608080203
0.752911460313952
0.0244950294619187
1.78821111601909
0.312525738692808
7.83867387606906
0.839829339998329
0.0202743308676305
0.6620132303374
3.07206395029248
1.5677408622127
1.40395389599884
0.754415994941677
0.500678319797699
2.40348745301982
5.91239230196185
0.0212478550880187
0.553796205583912
24.0050451809911
0.0359422710448594
0.297844316679867
0.0305170972679205
0.44523999414138
0.0483696264529453
0.98576359101961
0.0400746549597064
0.000370541625942316
0.0994401844338302
0.263651801725422
0.185651715588945
1.79587585374252
0.136344660285007
0.0854352395708332
3.77135743382483
1.22274814784353
0.109795600703584
0.00597094024232913
0.191652353394017
1.64194824284474
3.00673841874916
0.136385094426925
1.38026762173796
3.55608169310333
0.393859595746999
0.209316710752183
0.434365119876348
0.186032362908944
5.15616598524576
0.0293351072842296
2.02099155175316
3.0437141456691
4.54796886337417
0.330360932153255
8.88945140309229
0.0210406453102382
9.62839443083411
0.0179177405798658
3.14432484647798
0.215868317694755
0.187784215770462
2.75242271162974
0.776667364671333
11.7949199117158
1.69312306822552
6.89876409147048
0.248738229636599
1.7854159543542
4.68691838067554
0.00643788814142861
0.0000539520010173202
0.753974619983527
0.00096105697946108
1.32439794789509
0.0582793023713919
8.52393562907393
0.156180773518
0.000678894668529885
0.0933964432938914
0.0323597594440119
0.321621533890117
1.30709588902508
1.38953769354326
1.85987726341053
0.0978111644469999
5.69744848786561
0.034646315169047
12.1718256237601
2.19008354589778
0.149587956865599
14.8313961748801
0.0179132238091077
0.0465331508257573
0.0397647999943984
0.00461342991754023
2.79202152471011
0.456366969289802
0.0296382035228728
0.557770754980953
0.532366024461369
0.0813476069294783
8.41125860168722
2.46915791555283
0.275668413631396
3.46748779069098
1.73527198993069
0.355625507448015
1.22481600604105
0.0799425592176736
0.0846715277706241
0.186691511406486
0.412632696508496
0.541526468209142
0.297131435543335
0.883599897773767
0.423145781468357
0.0931887130950595
2.05212568148237
3.44360332511369
0.994910149693884
0.0215883698444028
0.503361881609538
1.23379222173196
0.927359719758345
0.692102742493235
0.158153846076052
0.000143110132782854
2.4404390702564
0.197880975808281
4.93648918449344
0.870915568857654
0.510852573351193
0.00714914891580482
0.431248373504185
0.0526096927716415
1.64495931534228
0.662939002746655
0.0597939844543074
0.25368257382897
0.0147150995129781
2.13158122887739
0.566619581776593
0.00246931309812077
0.413155253095262
9.46834459495715
0.343644892005289
30.0652134304845
0.272923808692591
0.289104907917217
0.105013340853413
4.38221683235802
0.00604178712799217
0.669532557034749
1.32828990931071
0.191409540679995
1.99647263372298
0.00220666632535882
0.030013229318517
0.0168773389944171
0.0309218923390966
5.86490659379294
0.00737681069047307
0.75603941718696
0.199822137601427
0.045332793827132
1.72102792812144
4.09864989460075
0.250094965425307
4.69155387461422
0.273644978000809
0.0128117816010026
0.228438593028427
0.276476979251677
0.807514573602898
0.109361356941342
0.408357950069323
6.04925330209891
0.976065684155986
1.01502999599541
0.20804319097974
0.0101720105300086
0.265093606354745
4.37381109537105
2.75538300749231
0.0390957218357663
5.49492441905255
0.15608825804541
1.09898757341125
0.0884122464333314
0.0055872182171002
1.50613493627052
1.41821047931161
0.144379169743264
1.64723550815777
0.590297224037038
0.786326858674895
1.5518141681648
0.257982135186012
1.07556649954598
4.12012207276515
0.00497397116839846
1.15378971373295
0.000562501896147232
0.0826571112709131
1.78245849611005
0.00421121041947658
1.55552242526928
2.48020160708015
0.482003988741054
0.0733816331870601
0.0031803193663828
0.229210612469663
0.702324562772362
1.00704124627835
0.000341945238786056
0.17230243024255
0.797373260728113
0.19813091948046
0.0106581170772982
0.000137897684258053
0.159714272128914
0.275019418551559
0.0122662869733679
2.0636898319177
3.27181384165909
0.101723813719596
0.0370586277431744
0.0000000367723471389734
0.0159100831798958
0.383785214513534
0.406338215140052
0.571260795022856
0.00522865149051444
3.14840026151924
3.72010538797602
5.50211512477352
2.12528101004108
4.12596940511635
0.215510016443922
3.96115204587957
0.0609697313047217
5.07245027934441
0.0209766634110503
2.216886110867
0.792362452227508
0.00236963009569735
0.171181943690423
0.695092204381167
1.7357656730543
0.571489062487554
0.319845904613977
1.69606915387176
4.53576138520548
1.12425943345434
0.850158191141039
0.0815044611398796
0.0812427886532977
0.239723205619463
0.06857156850531
0.10481835773453
1.19011204507956
0.14008995018879
0.375446133887023
1.44863487315556
1.22452730100803
0.00015772367528383
0.250975465019146
0.103330330419489
0.755916249919383
8.60010798697162
19.5808820840634
0.55594482055066
1.19768559729743
0.186847053301033
0.431924427645439
9.27074075556994
0.668711213383807
0.424083494216221
0.00229820264518033
0.0501798415675605
1.16351629788771
3.03699544568681
1.63714987509573
15.8702975609767
4.2658420701238
6.21943863531862
0.00142155428853727
3.78807895925662
2.20815811913101
0.804684234763953
2.51455458212097
0.0317884853558847
0.407372173272433
0.0475029364923374
1.48889635847624
2.20612236826136
0.0050775193742561
4.42416919726494
1.00734086014532
0.0538503491717768
0.0171654083481186
0.760362381837257
1.17176185223277
0.0054488405786314
0.0010477668166434
4.074594891893
0.474357787498097
0.747220087829435
1.2703441854422
0.277487490244403
1.63026723441698
0.159156921767791
18.4912137713802
0.128480364403868
0.0313586743061626
1.32321141524077
0.348072382599357
0.654550107857254
1.01549016384711
0.142884249063383
0.394975270415372
1.28369729922587
0.167421978465261
0.28574239016123
0.0236079760855306
0.206087574131076
0.0677074344653594
0.325634306122611
4.03544663472867
1.17246251636661
0.475030936395193
0.140459474003137
23.5721285756478
0.0120448217333931
2.4920729274896
0.0977212894663574
0.179547004644202
0.0238535524886492
0.16159827221559
0.117920506671507
1.10802761820319
0.347330170791509
8.05001266613617
11.3297486060963
0.249386392188444
0.4153972169842
0.126388429784177
0.30150908553919
0.828655512019656
0.0691557279833377
0.12801105138958
0.222724660602057
0.303049115293365
0.00107954863980035
5.37852711796485
0.114424604422851
3.6415241934077
6.84034728999559
0.870763999428894
0.576908047518306
0.413496541241043
0.000190073961827696
0.0586488471982045
0.365632391355304
0.877364870071714
0.117267335081231
0.0832074375486009
0.204944951060687
1.51164386033811
6.00283366757149
3.45888480423115
0.0728515101690521
0.0326084696478947
0.163746540676656
2.95674915408212
0.000104866306373751
0.0385860093755594
0.0535705397573447
0.0774745360028234
0.114805001954741
5.50075023851626
4.7028452682589
0.978223250294551
0.0961107338860708
0.597442274720659
1.52379950384919
0.00262554301889778
0.046957695615111
0.0580795316857407
0.376438308264304
0.949755667109542
0.112656224551291
1.52055956871532
2.36045295490252
1.32687922567138
2.62972184934253
4.56728854849445
0.071078878644343
0.0525816345167026
0.00765017848635536
0.005848967514458
11.8815778517288
0.0227676538168495
4.28192735749293
16.3164926146292
4.46681315221578
3.36665228950031
2.73313274710816
0.0798047306645571
0.289837515927001
1.91649099917299
1.02301986819114
0.928390521036912
0.542500962831786
0.0619232966915252
14.1034591604235
1.25439553754919
0.611888822827668
0.00948098131058622
0.119213487224291
0.554133428506902
0.143383797892058
0.0663759405373795
0.00184448464299932
6.13006803786072
0.00145064484374764
2.48258133662545
15.6704166593506
0.503575968686901
0.00475602214445103
0.0411736290753232
0.206086407151771
0.138982806418464
2.11027111955709
8.2851393932118
0.00357510398855201
0.281493703385934
0.181273443106839
8.81674694132078
0.14179189447555
0.350973133335569
0.00478847987625408
0.0467862913987834
0.435763985655222
0.188085539089853
0.607334746062434
0.000618549029740174
0.000000314371649142076
5.50977872657313
0.464926025236331
4.28028617508424
0.68298193334454
22.6910701803657
13.5733461282308
0.69053704402518
0.000341970869917927
0.00102390514922592
0.870096220377322
0.353801510796481
0.0000813263231473467
0.0000631200387473538
0.108665098540135
1.34975604782543
1.11750660475447
3.57943223933112
0.13278804021352
2.7013679802225
20.6082171230154
0.00820020497547419
0.000815924738461557
0.101393261056285
0.358770781323524
0.562985174448113
5.01401308430872
3.42232930279937
0.35011268288197
0.271726762573369
0.81919919114559
0.864913965581623
10.4092299575761
10.2461513346316
6.62360141849611
5.71723907694258
1.04566261854976
0.233689153540308
0.0619179436489529
0.0234937825087805
0.607715573434764
0.0170249858318012
0.0135714038706279
0.0215222040207373
1.52523227463287
0.00113359468880366
0.314766451844029
0.00696168629218549
0.544743814722683
0.301655117013419
0.736750271081137
8.96996783177091
0.0270287827957213
0.241098012241922
0.0255654221218272
5.23819523528621
0.484353050013408
0.0213086506102268
0.937614903468159
1.2116904562836
0.000835588607548727
1.32850774189088
0.0116325105350849
0.00197113151433461
0.217687614600544
0.0232937074231168
0.186474613506227
0.696847416685716
1.31280351694835
2.32941449544192
1.29589401299289
0.551966151337615
0.945022582406962
1.23348428876096
4.28898223718284
0.0038626549692288
2.4605543669233
0.258419389069431
0.0398447642076306
0.22042097482884
0.888298954512875
0.225780317753143
1.77765420461306
0.0303575012437995
0.00000978491471447748
0.0000437212699969935
0.12945273530607
7.53283077460367
0.125552542583148
2.52191795803016
2.61012378358927
10.5154443828434
0.0262299359114772
0.0438423106928522
0.00130125209501386
0.0978371256287168
5.15672359069791
2.40952475326132
0.926593125497334
0.125880500221281
0.77557398723782
1.45497594555124
21.8751796434158
0.00000388967756247357
0.219307835945205
4.70450349670319
3.48074019281414
0.0122159565946013
0.0646443099552686
0.110303942958779
0.17770491793798
0.203321556207338
1.08820261240634
1.15607661213843
1.03549906198805
5.19222908234679
0.143163710604
7.81788512035845
0.0795759298310773
3.485724178578
0.345783764126031
0.000433174164779934
11.0885873364716
0.725720047541695
0.838945775390451
0.358452239446534
1.30288449667048
5.37051395854298
0.290115215343432
0.0871379865224228
1.75996387319151
0.000154643620473736
1.35339855187977
3.00276142539342
0.133042648767399
0.303338575141523
0.864027883415735
0.385197401908572
1.79675324577454
0.580995789393327
0.261078369358455
0.311592537730691
0.12002233607471
0.589513590210459
0.108795407259849
0.426349160640725
0.0307403432530849
3.65646323033781
0.365056868684329
6.64407695327656
0.0483179826029564
9.54228334817435
0.51763299415009
5.42351087793272
3.0357980833707
0.15777990743095
3.53729112090023
0.186227429169304
0.00157134083994237
0.204887719556745
0.01189213700572
0.259575717691056
0.0486799850735158
2.23832179886207
0.206418621557112
3.5858746764204
0.000174058746932501
0.74046869129814
0.0010757613464746
1.24296756649811
0.672022264839124
0.825283242882077
0.236844984155989
0.0775278700981838
1.77822528954083
0.550008926164398
0.984082417502174
1.14543735874449
0.537918548455788
1.36114160272712
0.00554584195956234
15.7817013912102
7.94271547955801
0.55891847850706
4.33520987971584
0.067580380589644
0.478915933301258
0.0631665309563557
0.0240411037132053
0.00468891873924754
5.6739661357004
0.0620733453771246
3.52761330062459
0.0497297890626759
0.0542356929782967
0.125932150897579
0.390309038017616
0.326894890531496
0.0157206561903394
1.4196192846496
0.0521161344729297
0.0129171081591273
0.336586951775229
0.947024201252088
0.733590521836301
2.63452416095146
0.04786797340857
0.190585311543457
1.05606509136135
0.203173205834054
4.24897302054205
0.939909143704828
0.444113353731642
0.106181056756861
0.20189770786984
0.731717160420261
0.162357818244195
1.80027185977378
4.28235210997356
0.00646925454936824
0.375948036982678
0.000182879549939365
0.679272551327204
0.605571068212019
0.778892784201984
0.0797996188995176
0.022058569943311
6.68834913334056
1.11624524198535
0.318126880272849
0.0601256375403206
1.50075154859211
0.0703938249985531
2.91344621505242
14.1027890657246
1.38789372706971
0.0210575521827708
0.0217207288968889
0.00993967040638594
5.6146533195494
0.604388242502403
1.43837562068652
0.58340276449986
1.14038374736162
0.0167256318050276
0.0261358638373737
2.21570730983382
0.90221849586338
0.482176960823558
0.107123980002963
0.128890207112529
3.03541117126695
1.03934434452303
0.000573652110409201
2.02602032370579
2.32803995743237
0.259960156025161
0.0374522293546255
0.882466428508645
10.2901417822407
1.79028330698844
0.157431835910695
0.351591853571566
0.434051645551021
0.86917167941396
0.0598464854750532
0.00929400303039942
6.28150001862777
6.29330545670447
0.305258934436037
0.793734078489178
1.56982386380212
0.000562247864067523
0.0141605919507655
0.280246986611656
0.179090414406615
0.165416718163204
0.176398078019009
0.532721906913532
0.627194665347976
1.2540370489778
0.108589468097149
3.03149908638764
1.55815343166957
0.209160491652852
0.410843596577779
2.75063548558342
9.76383367901069
0.130559514453069
3.89503069544069
0.0359358827136101
2.3097197760202
0.451811544076269
0.0438043642985809
0.462192268612804
8.13010211178588
0.035932399181421
0.0790850528934179
0.0353909388845676
1.55154852834964
4.29982677213519
1.32611393544273
1.92758140260731
0.00709629489811164
0.446961694758791
3.73233070232236
0.000967478674847659
0.872986469189752
0.620117625848413
0.0540959272689618
0.727286274288601
0.118788219325427
0.197612246425971
0.0918087338493518
0.429961296881572
0.0200436298416969
0.866079631687277
0.839322902393418
0.0349786565902555
0.577358621500022
8.81700119056746
2.93191653541125
0.826861272057442
1.08052365623127
0.367823997333206
0.0640464807511714
7.33747273172642
4.04216264732176
4.6945283194418
1.02805471709968
0.0165764857941998
0.00332603444368322
0.240862660437415
0.00497767307982705
0.00332074914704903
0.0525918086995515
0.77657434666715
0.000662325596248563
0.18591296497709
0.383694471064474
0.841716559693079
0.204496266386515
1.07314278719227
0.0670808908158128
0.684455331522549
0.469076939943228
0.03650643757809
0.0889635923765344
3.10300860571026
2.11636524212337
0.914143581287724
4.36526012202384
4.31455523182154
1.20925348249593
1.43989083161126
6.91998578920001
0.0256509751803503
0.0549269365688462
0.0000934926433958495
0.264600971811274
1.30835960982732
0.232988588087093
12.0389833694956
1.93088072543269
13.8976121590976
2.12190285816814
1.43309302515441
0.884308237513239
15.1233970528144
0.00510083581896626
1.9983667915454
0.224079267812806
8.15281262377425
0.240304670700102
2.29181885964064
3.10872471433688
0.183669929656882
0.79577789630773
0.103153048300765
0.0612719680329853
0.00105757408737405
13.6672149156494
0.278981900390354
0.720601330678983
0.243944726191451
0.0043727030693713
0.142773147797086
4.15877542642307
2.633490296123
0.630881860558614
0.492320739184159
0.050182436399588
0.0135623766051849
0.567967771219169
4.88114927529576
0.0688367935738919
3.42378245647243
0.176478632377728
0.0590678651822669
0.740422833443806
0.40554592920388
9.9445817739522
0.00147534485762441
0.414515143520136
0.492700094943777
7.54991436879316
2.66515781074768
0.394004415047995
0.15158237076053
0.00351916370286078
0.015105299769809
1.95871826724519
0.659244601853621
0.121974603127904
0.0682759976915453
1.13149132837796
0.0605034989739682
0.0351193135300965
1.30124004656254
0.161731556635744
0.359046785725256
1.42359200652596
2.33872997673685
0.00000608007753346232
3.87524053223695
0.0263847933020303
0.0925891802654807
0.602913386421566
2.0193799842032
0.000648846765496474
0.118679145726053
0.0390015620351879
0.000315966488951406
0.0293362709975151
5.81468644888985
14.5039960386642
0.0476931425728664
1.26465662825352
12.5992230418801
3.32234476351923
1.13972706071082
0.727785586546334
1.18313427925976
14.3458963479534
0.494175487673941
0.656030826400948
0.0000867810461980855
0.207544119235431
1.18829485098653
22.9836167936994
0.103157857446652
0.034966922883053
5.31813346807681
0.540628425568494
0.0229689049757396
2.21891334300899
1.30490407437522
0.338451913937202
0.145239609223691
0.874184519105986
0.0326946364525673
0.601558365127354
5.22474163922854
1.11739577699621
0.270443963579693
0.816543871342003
1.90229051195005
0.0139020528761451
0.0513061660440314
0.039024962307076
0.246012208694263
2.22831919010052
0.104116209513534
0.0164229728368254
1.77676241833555
0.00221993799242212
0.166199108036199
0.0000514572111458282
0.671381120737134
0.051762881119251
0.32198071099824
0.325384680372857
4.69774871830773
0.42808868588718
0.073316802185795
0.565036267049593
0.269611266783634
0.632868314724443
0.352993859536783
3.16620716286644
0.0118493203127562
6.76014591768413
0.0825832188194828
1.65692200506235
0.229421027549735
0.000639107400991029
0.116997580395469
0.952603265718055
0.101278614921401
0.0081035618818945
0.212769340890955
0.822328306675103
0.0556539596289821
1.78945007613217
0.00000516227899300609
1.29416517219052
0.00148824335373702
1.76823090688824
0.0590085085651931
1.940722684479
2.32511025591873
0.547801300606426
5.31446503609544
1.80071837795551
4.23910655843656
1.53774494323873
0.953431856654407
1.76840450397857
38.251092155053
0.00486386378667067
0.0449189902687952
0.0539351298331195
0.0659167809697254
0.784519073522918
19.7772919041142
0.102476052568469
1.97599359168705
0.276055362643882
6.15632582340552
3.67805918576561
0.000139093203685026
8.8393365762515
0.000372626578157093
0.163231616982059
8.14692933561092
0.683259335023367
0.503585279666863
1.13870403281765
8.16095862939468
2.25163743192324
0.200976664758414
0.16727239962324
4.18421149481955
2.65948306024483
0.0925183057139512
25.2595051427899
0.573696426628344
0.262569740612069
0.140151779465009
0.241578787579828
0.209944678849067
10.5015229553172
0.00447481288989203
0.000143718494180535
0.853893515872629
0.15938479806615
4.32459873937508
0.0425586189790786
0.15017814149733
10.1322506096584
4.2204154392681
0.403503586476538
1.11845079467972
0.487968906736791
0.000514270424770172
0.072472992164361
2.39477949824962
14.1911087601353
0.184664006151181
1.45610572767215
1.30609009044098
0.121182280448028
0.571595641001144
2.20588937229465
5.70327821196588
0.0594966200963364
0.0446489388770979
0.0713309373537072
0.807680639738451
0.134712057371079
2.22468121373222
2.65867911636863
0.16700589893064
13.6395462007773
0.157480219812855
0.213201522467898
0.0630558445618446
0.0121748300813277
3.2311064589744
0.489825106396222
0.126877174180478
0.372499011462056
0.189735680314916
8.80911955570054
2.53340321324835
31.713609859712
5.65416252453921
0.792262122292497
0.0565564484873093
0.2053017675996
3.35525232230153
2.54745429262224
0.172608860992943
2.92662307212581
2.14999924928897
1.01812105199593
1.07417473698573
0.199906193610895
1.73836482146591
0.411773833880695
2.09915165321496
0.300412916648552
1.29855505735318
0.265460404045658
0.148767045166398
0.14296902871233
0.0106650916654682
0.00178985319319247
0.640747708562399
0.483411119517009
0.184707547883991
5.40644861285788
2.53352871645528
5.40322766065468
2.43241911220195
0.844774160156747
0.841791373879353
0.741749165154047
4.57820163787097
0.00340181886294052
1.26973482369209
3.05149940197837
0.461921666579123
0.0489500650608676
0.874348746613966
0.751604995552343
0.0408629347815877
0.0341570364985447
0.211842448100559
0.00122653707751484
6.71667695182937
0.0465866256215247
0.0148157335735664
0.772829311629946
0.124610075182192
0.000495193409371405
1.03659845938163
8.8578229491975
0.00104144928738568
0.00927526336169974
